Linux 6.8.0-138-generic (europa) 	03/10/2026 	_x86_64_	(8 CPU)

01:57:00     CPU    %usr   %nice    %sys %iowait    %irq   %soft  %steal  %guest  %gnice   %idle
01:57:01     all   67.00    0.00   23.51    0.00    0.00    3.67    0.00    0.00    0.00    5.82
01:57:01       0   65.66    0.00   25.25    0.00    0.00    6.06    0.00    0.00    0.00    3.03
01:57:01       1   68.00    0.00   21.00    0.00    0.00    4.00    0.00    0.00    0.00    7.00
01:57:01       2   68.04    0.00   20.62    0.00    0.00    3.09    0.00    0.00    0.00    8.25
01:57:01       3   63.64    0.00   25.25    0.00    0.00    3.03    0.00    0.00    0.00    8.08
01:57:01       4   64.29    0.00   25.51    0.00    0.00    5.10    0.00    0.00    0.00    5.10
01:57:01       5   68.04    0.00   21.65    0.00    0.00    3.09    0.00    0.00    0.00    7.22
01:57:01       6   67.00    0.00   24.00    0.00    0.00    2.00    0.00    0.00    0.00    7.00
01:57:01       7   71.29    0.00   24.75    0.00    0.00    2.97    0.00    0.00    0.00    0.99

01:57:01     CPU    %usr   %nice    %sys %iowait    %irq   %soft  %steal  %guest  %gnice   %idle
01:57:02     all   70.25    0.00   24.05    0.00    0.00    3.04    0.00    0.00    0.00    2.66
01:57:02       0   67.68    0.00   27.27    0.00    0.00    4.04    0.00    0.00    0.00    1.01
01:57:02       1   72.45    0.00   21.43    0.00    0.00    3.06    0.00    0.00    0.00    3.06
01:57:02       2   69.07    0.00   24.74    0.00    0.00    2.06    0.00    0.00    0.00    4.12
01:57:02       3   72.73    0.00   22.22    0.00    0.00    2.02    0.00    0.00    0.00    3.03
01:57:02       4   69.00    0.00   25.00    0.00    0.00    4.00    0.00    0.00    0.00    2.00
01:57:02       5   68.69    0.00   25.25    0.00    0.00    3.03    0.00    0.00    0.00    3.03
01:57:02       6   70.41    0.00   20.41    0.00    0.00    4.08    0.00    0.00    0.00    5.10
01:57:02       7   72.00    0.00   26.00    0.00    0.00    2.00    0.00    0.00    0.00    0.00

01:57:02     CPU    %usr   %nice    %sys %iowait    %irq   %soft  %steal  %guest  %gnice   %idle
01:57:03     all   68.81    0.00   25.16    0.00    0.00    3.40    0.00    0.00    0.00    2.64
01:57:03       0   66.67    0.00   24.24    0.00    0.00    5.05    0.00    0.00    0.00    4.04
01:57:03       1   69.70    0.00   26.26    0.00    0.00    2.02    0.00    0.00    0.00    2.02
01:57:03       2   66.34    0.00   24.75    0.00    0.00    3.96    0.00    0.00    0.00    4.95
01:57:03       3   67.68    0.00   24.24    0.00    0.00    4.04    0.00    0.00    0.00    4.04
01:57:03       4   71.72    0.00   24.24    0.00    0.00    2.02    0.00    0.00    0.00    2.02
01:57:03       5   68.32    0.00   26.73    0.00    0.00    3.96    0.00    0.00    0.00    0.99
01:57:03       6   73.47    0.00   22.45    0.00    0.00    2.04    0.00    0.00    0.00    2.04
01:57:03       7   66.67    0.00   28.28    0.00    0.00    4.04    0.00    0.00    0.00    1.01

01:57:03     CPU    %usr   %nice    %sys %iowait    %irq   %soft  %steal  %guest  %gnice   %idle
01:57:04     all   67.09    0.13   23.94    0.00    0.00    2.94    0.00    0.00    0.00    5.89
01:57:04       0   62.89    0.00   25.77    0.00    0.00    5.15    0.00    0.00    0.00    6.19
01:57:04       1   67.01    0.00   24.74    0.00    0.00    2.06    0.00    0.00    0.00    6.19
01:57:04       2   65.98    0.00   22.68    0.00    0.00    2.06    0.00    0.00    0.00    9.28
01:57:04       3   68.37    0.00   21.43    0.00    0.00    3.06    0.00    0.00    0.00    7.14
01:57:04       4   70.10    0.00   20.62    0.00    0.00    4.12    0.00    0.00    0.00    5.15
01:57:04       5   65.31    0.00   30.61    0.00    0.00    1.02    0.00    0.00    0.00    3.06
01:57:04       6   67.01    1.03   22.68    0.00    0.00    2.06    0.00    0.00    0.00    7.22
01:57:04       7   70.00    0.00   23.00    0.00    0.00    4.00    0.00    0.00    0.00    3.00

01:57:04     CPU    %usr   %nice    %sys %iowait    %irq   %soft  %steal  %guest  %gnice   %idle
01:57:05     all   66.79    0.00   25.51    0.00    0.00    3.16    0.00    0.00    0.00    4.55
01:57:05       0   64.29    0.00   26.53    0.00    0.00    3.06    0.00    0.00    0.00    6.12
01:57:05       1   68.04    0.00   24.74    0.00    0.00    3.09    0.00    0.00    0.00    4.12
01:57:05       2   67.33    0.00   27.72    0.00    0.00    1.98    0.00    0.00    0.00    2.97
01:57:05       3   65.98    0.00   24.74    0.00    0.00    2.06    0.00    0.00    0.00    7.22
01:57:05       4   65.69    0.00   25.49    0.00    0.00    2.94    0.00    0.00    0.00    5.88
01:57:05       5   64.65    0.00   27.27    0.00    0.00    6.06    0.00    0.00    0.00    2.02
01:57:05       6   70.71    0.00   22.22    0.00    0.00    3.03    0.00    0.00    0.00    4.04
01:57:05       7   67.68    0.00   25.25    0.00    0.00    3.03    0.00    0.00    0.00    4.04

01:57:05     CPU    %usr   %nice    %sys %iowait    %irq   %soft  %steal  %guest  %gnice   %idle
01:57:06     all   68.96    0.00   23.41    0.00    0.00    3.18    0.00    0.00    0.00    4.45
01:57:06       0   64.65    0.00   25.25    0.00    0.00    6.06    0.00    0.00    0.00    4.04
01:57:06       1   68.00    0.00   25.00    0.00    0.00    3.00    0.00    0.00    0.00    4.00
01:57:06       2   70.41    0.00   21.43    0.00    0.00    2.04    0.00    0.00    0.00    6.12
01:57:06       3   70.10    0.00   22.68    0.00    0.00    3.09    0.00    0.00    0.00    4.12
01:57:06       4   66.67    0.00   23.96    0.00    0.00    4.17    0.00    0.00    0.00    5.21
01:57:06       5   71.72    0.00   22.22    0.00    0.00    3.03    0.00    0.00    0.00    3.03
01:57:06       6   70.41    0.00   19.39    0.00    0.00    3.06    0.00    0.00    0.00    7.14
01:57:06       7   69.70    0.00   27.27    0.00    0.00    1.01    0.00    0.00    0.00    2.02

01:57:06     CPU    %usr   %nice    %sys %iowait    %irq   %soft  %steal  %guest  %gnice   %idle
01:57:07     all   70.11    0.00   22.57    0.00    0.00    2.90    0.00    0.00    0.00    4.41
01:57:07       0   66.34    0.00   25.74    0.00    0.00    2.97    0.00    0.00    0.00    4.95
01:57:07       1   72.00    0.00   21.00    0.00    0.00    3.00    0.00    0.00    0.00    4.00
01:57:07       2   67.35    0.00   22.45    0.00    0.00    3.06    0.00    0.00    0.00    7.14
01:57:07       3   69.00    0.00   27.00    0.00    0.00    2.00    0.00    0.00    0.00    2.00
01:57:07       4   72.73    0.00   20.20    0.00    0.00    3.03    0.00    0.00    0.00    4.04
01:57:07       5   73.47    0.00   19.39    0.00    0.00    2.04    0.00    0.00    0.00    5.10
01:57:07       6   67.35    0.00   20.41    0.00    0.00    4.08    0.00    0.00    0.00    8.16
01:57:07       7   72.73    0.00   24.24    0.00    0.00    3.03    0.00    0.00    0.00    0.00

01:57:07     CPU    %usr   %nice    %sys %iowait    %irq   %soft  %steal  %guest  %gnice   %idle
01:57:08     all   69.17    0.13   22.42    0.00    0.00    3.44    0.00    0.00    0.00    4.84
01:57:08       0   64.95    0.00   23.71    0.00    0.00    5.15    0.00    0.00    0.00    6.19
01:57:08       1   72.73    0.00   23.23    0.00    0.00    3.03    0.00    0.00    0.00    1.01
01:57:08       2   67.01    0.00   22.68    0.00    0.00    3.09    0.00    0.00    0.00    7.22
01:57:08       3   68.04    0.00   24.74    0.00    0.00    3.09    0.00    0.00    0.00    4.12
01:57:08       4   69.70    0.00   21.21    0.00    0.00    4.04    0.00    0.00    0.00    5.05
01:57:08       5   69.70    1.01   22.22    0.00    0.00    3.03    0.00    0.00    0.00    4.04
01:57:08       6   68.37    0.00   19.39    0.00    0.00    4.08    0.00    0.00    0.00    8.16
01:57:08       7   72.73    0.00   22.22    0.00    0.00    2.02    0.00    0.00    0.00    3.03

01:57:08     CPU    %usr   %nice    %sys %iowait    %irq   %soft  %steal  %guest  %gnice   %idle
01:57:09     all   67.97    0.00   23.46    0.00    0.00    3.66    0.00    0.00    0.00    4.92
01:57:09       0   65.66    0.00   25.25    0.00    0.00    5.05    0.00    0.00    0.00    4.04
01:57:09       1   66.00    0.00   28.00    0.00    0.00    4.00    0.00    0.00    0.00    2.00
01:57:09       2   68.69    0.00   21.21    0.00    0.00    3.03    0.00    0.00    0.00    7.07
01:57:09       3   68.00    0.00   23.00    0.00    0.00    3.00    0.00    0.00    0.00    6.00
01:57:09       4   68.69    0.00   22.22    0.00    0.00    3.03    0.00    0.00    0.00    6.06
01:57:09       5   67.00    0.00   24.00    0.00    0.00    5.00    0.00    0.00    0.00    4.00
01:57:09       6   71.43    0.00   19.39    0.00    0.00    2.04    0.00    0.00    0.00    7.14
01:57:09       7   68.37    0.00   24.49    0.00    0.00    4.08    0.00    0.00    0.00    3.06

01:57:09     CPU    %usr   %nice    %sys %iowait    %irq   %soft  %steal  %guest  %gnice   %idle
01:57:10     all   67.89    0.00   24.02    0.00    0.00    3.41    0.00    0.00    0.00    4.68
01:57:10       0   63.64    0.00   25.25    0.00    0.00    4.04    0.00    0.00    0.00    7.07
01:57:10       1   70.00    0.00   26.00    0.00    0.00    2.00    0.00    0.00    0.00    2.00
01:57:10       2   68.69    0.00   23.23    0.00    0.00    3.03    0.00    0.00    0.00    5.05
01:57:10       3   68.00    0.00   23.00    0.00    0.00    4.00    0.00    0.00    0.00    5.00
01:57:10       4   65.98    0.00   24.74    0.00    0.00    4.12    0.00    0.00    0.00    5.15
01:57:10       5   69.70    0.00   24.24    0.00    0.00    3.03    0.00    0.00    0.00    3.03
01:57:10       6   68.04    0.00   21.65    0.00    0.00    3.09    0.00    0.00    0.00    7.22
01:57:10       7   69.00    0.00   24.00    0.00    0.00    4.00    0.00    0.00    0.00    3.00

01:57:10     CPU    %usr   %nice    %sys %iowait    %irq   %soft  %steal  %guest  %gnice   %idle
01:57:11     all   68.06    0.00   23.48    0.00    0.00    2.90    0.00    0.00    0.00    5.56
01:57:11       0   64.36    0.00   25.74    0.00    0.00    3.96    0.00    0.00    0.00    5.94
01:57:11       1   71.00    0.00   24.00    0.00    0.00    3.00    0.00    0.00    0.00    2.00
01:57:11       2   69.07    0.00   23.71    0.00    0.00    2.06    0.00    0.00    0.00    5.15
01:57:11       3   71.72    0.00   21.21    0.00    0.00    3.03    0.00    0.00    0.00    4.04
01:57:11       4   66.00    0.00   23.00    0.00    0.00    3.00    0.00    0.00    0.00    8.00
01:57:11       5   68.00    0.00   23.00    0.00    0.00    3.00    0.00    0.00    0.00    6.00
01:57:11       6   65.62    0.00   22.92    0.00    0.00    2.08    0.00    0.00    0.00    9.38
01:57:11       7   68.69    0.00   24.24    0.00    0.00    3.03    0.00    0.00    0.00    4.04

01:57:11     CPU    %usr   %nice    %sys %iowait    %irq   %soft  %steal  %guest  %gnice   %idle
01:57:12     all   33.99    0.00   23.27    0.00    0.00    4.58    0.00    0.00    0.00   38.17
01:57:12       0   30.11    0.00   22.58    0.00    0.00    6.45    0.00    0.00    0.00   40.86
01:57:12       1   35.79    0.00   27.37    0.00    0.00    3.16    0.00    0.00    0.00   33.68
01:57:12       2   35.11    0.00   25.53    0.00    0.00    4.26    0.00    0.00    0.00   35.11
01:57:12       3   32.98    0.00   22.34    0.00    0.00    5.32    0.00    0.00    0.00   39.36
01:57:12       4   34.02    0.00   21.65    0.00    0.00    4.12    0.00    0.00    0.00   40.21
01:57:12       5   36.73    0.00   21.43    0.00    0.00    4.08    0.00    0.00    0.00   37.76
01:57:12       6   36.73    0.00   22.45    0.00    0.00    4.08    0.00    0.00    0.00   36.73
01:57:12       7   30.21    0.00   22.92    0.00    0.00    5.21    0.00    0.00    0.00   41.67

01:57:12     CPU    %usr   %nice    %sys %iowait    %irq   %soft  %steal  %guest  %gnice   %idle
01:57:13     all   29.31    0.00   18.57    0.00    0.00    3.71    0.00    0.00    0.00   48.41
01:57:13       0   29.35    0.00   19.57    0.00    0.00    3.26    0.00    0.00    0.00   47.83
01:57:13       1   27.96    0.00   18.28    0.00    0.00    3.23    0.00    0.00    0.00   50.54
01:57:13       2   27.37    0.00   18.95    0.00    0.00    4.21    0.00    0.00    0.00   49.47
01:57:13       3   36.46    0.00   17.71    0.00    0.00    3.12    0.00    0.00    0.00   42.71
01:57:13       4   27.08    0.00   20.83    0.00    0.00    4.17    0.00    0.00    0.00   47.92
01:57:13       5   30.11    0.00   16.13    0.00    0.00    4.30    0.00    0.00    0.00   49.46
01:57:13       6   24.47    0.00   19.15    0.00    0.00    4.26    0.00    0.00    0.00   52.13
01:57:13       7   31.58    0.00   17.89    0.00    0.00    3.16    0.00    0.00    0.00   47.37

01:57:13     CPU    %usr   %nice    %sys %iowait    %irq   %soft  %steal  %guest  %gnice   %idle
01:57:14     all   31.13    0.00   20.58    0.26    0.00    3.83    0.00    0.00    0.00   44.20
01:57:14       0   35.05    0.00   21.65    0.00    0.00    4.12    0.00    0.00    0.00   39.18
01:57:14       1   31.58    0.00   21.05    0.00    0.00    4.21    0.00    0.00    0.00   43.16
01:57:14       2   29.47    0.00   20.00    1.05    0.00    3.16    0.00    0.00    0.00   46.32
01:57:14       3   31.52    0.00   18.48    0.00    0.00    4.35    0.00    0.00    0.00   45.65
01:57:14       4   33.68    0.00   20.00    1.05    0.00    3.16    0.00    0.00    0.00   42.11
01:57:14       5   27.37    0.00   21.05    0.00    0.00    4.21    0.00    0.00    0.00   47.37
01:57:14       6   29.17    0.00   20.83    0.00    0.00    4.17    0.00    0.00    0.00   45.83
01:57:14       7   31.18    0.00   21.51    0.00    0.00    3.23    0.00    0.00    0.00   44.09

01:57:14     CPU    %usr   %nice    %sys %iowait    %irq   %soft  %steal  %guest  %gnice   %idle
01:57:15     all   26.25    0.00   17.68    0.00    0.00    3.96    0.00    0.00    0.00   52.11
01:57:15       0   28.42    0.00   18.95    0.00    0.00    2.11    0.00    0.00    0.00   50.53
01:57:15       1   25.26    0.00   16.84    0.00    0.00    3.16    0.00    0.00    0.00   54.74
01:57:15       2   26.32    0.00   16.84    0.00    0.00    5.26    0.00    0.00    0.00   51.58
01:57:15       3   26.60    0.00   15.96    0.00    0.00    4.26    0.00    0.00    0.00   53.19
01:57:15       4   25.77    0.00   18.56    0.00    0.00    4.12    0.00    0.00    0.00   51.55
01:57:15       5   24.73    0.00   19.35    0.00    0.00    3.23    0.00    0.00    0.00   52.69
01:57:15       6   28.12    0.00   18.75    0.00    0.00    4.17    0.00    0.00    0.00   48.96
01:57:15       7   24.73    0.00   16.13    0.00    0.00    5.38    0.00    0.00    0.00   53.76

01:57:15     CPU    %usr   %nice    %sys %iowait    %irq   %soft  %steal  %guest  %gnice   %idle
01:57:16     all   27.72    0.00   19.10    0.00    0.00    3.71    0.00    0.00    0.00   49.47
01:57:16       0   28.72    0.00   19.15    0.00    0.00    3.19    0.00    0.00    0.00   48.94
01:57:16       1   30.53    0.00   17.89    0.00    0.00    3.16    0.00    0.00    0.00   48.42
01:57:16       2   26.60    0.00   19.15    0.00    0.00    3.19    0.00    0.00    0.00   51.06
01:57:16       3   30.85    0.00   18.09    0.00    0.00    4.26    0.00    0.00    0.00   46.81
01:57:16       4   24.73    0.00   20.43    0.00    0.00    3.23    0.00    0.00    0.00   51.61
01:57:16       5   27.37    0.00   18.95    0.00    0.00    4.21    0.00    0.00    0.00   49.47
01:57:16       6   26.60    0.00   18.09    0.00    0.00    4.26    0.00    0.00    0.00   51.06
01:57:16       7   26.32    0.00   21.05    0.00    0.00    4.21    0.00    0.00    0.00   48.42

01:57:16     CPU    %usr   %nice    %sys %iowait    %irq   %soft  %steal  %guest  %gnice   %idle
01:57:17     all   27.34    0.00   18.89    0.00    0.00    3.70    0.00    0.00    0.00   50.07
01:57:17       0   28.72    0.00   20.21    0.00    0.00    3.19    0.00    0.00    0.00   47.87
01:57:17       1   30.21    0.00   18.75    0.00    0.00    3.12    0.00    0.00    0.00   47.92
01:57:17       2   23.40    0.00   19.15    0.00    0.00    4.26    0.00    0.00    0.00   53.19
01:57:17       3   28.42    0.00   18.95    0.00    0.00    4.21    0.00    0.00    0.00   48.42
01:57:17       4   28.12    0.00   18.75    0.00    0.00    4.17    0.00    0.00    0.00   48.96
01:57:17       5   28.12    0.00   16.67    0.00    0.00    4.17    0.00    0.00    0.00   51.04
01:57:17       6   27.47    0.00   18.68    0.00    0.00    2.20    0.00    0.00    0.00   51.65
01:57:17       7   24.21    0.00   20.00    0.00    0.00    4.21    0.00    0.00    0.00   51.58

01:57:17     CPU    %usr   %nice    %sys %iowait    %irq   %soft  %steal  %guest  %gnice   %idle
01:57:18     all   28.93    0.00   17.93    0.00    0.00    3.66    0.00    0.00    0.00   49.48
01:57:18       0   28.42    0.00   15.79    0.00    0.00    4.21    0.00    0.00    0.00   51.58
01:57:18       1   30.43    0.00   16.30    0.00    0.00    3.26    0.00    0.00    0.00   50.00
01:57:18       2   32.63    0.00   16.84    0.00    0.00    2.11    0.00    0.00    0.00   48.42
01:57:18       3   27.08    0.00   21.88    0.00    0.00    4.17    0.00    0.00    0.00   46.88
01:57:18       4   27.27    0.00   17.17    0.00    0.00    5.05    0.00    0.00    0.00   50.51
01:57:18       5   28.12    0.00   17.71    0.00    0.00    3.12    0.00    0.00    0.00   51.04
01:57:18       6   27.37    0.00   17.89    0.00    0.00    4.21    0.00    0.00    0.00   50.53
01:57:18       7   30.21    0.00   19.79    0.00    0.00    3.12    0.00    0.00    0.00   46.88

01:57:18     CPU    %usr   %nice    %sys %iowait    %irq   %soft  %steal  %guest  %gnice   %idle
01:57:19     all   25.98    0.13   16.80    0.00    0.00    3.67    0.00    0.00    0.00   53.41
01:57:19       0   24.21    0.00   16.84    0.00    0.00    4.21    0.00    0.00    0.00   54.74
01:57:19       1   25.26    0.00   17.89    0.00    0.00    4.21    0.00    0.00    0.00   52.63
01:57:19       2   26.04    0.00   16.67    0.00    0.00    4.17    0.00    0.00    0.00   53.12
01:57:19       3   25.77    1.03   17.53    0.00    0.00    3.09    0.00    0.00    0.00   52.58
01:57:19       4   27.37    0.00   17.89    0.00    0.00    3.16    0.00    0.00    0.00   51.58
01:57:19       5   26.88    0.00   13.98    0.00    0.00    3.23    0.00    0.00    0.00   55.91
01:57:19       6   26.04    0.00   16.67    0.00    0.00    4.17    0.00    0.00    0.00   53.12
01:57:19       7   26.32    0.00   16.84    0.00    0.00    3.16    0.00    0.00    0.00   53.68

01:57:19     CPU    %usr   %nice    %sys %iowait    %irq   %soft  %steal  %guest  %gnice   %idle
01:57:20     all   36.14    0.00   19.97    0.00    0.00    3.81    0.00    0.00    0.00   40.08
01:57:20       0   40.40    0.00   19.19    0.00    0.00    3.03    0.00    0.00    0.00   37.37
01:57:20       1   35.79    0.00   22.11    0.00    0.00    4.21    0.00    0.00    0.00   37.89
01:57:20       2   32.98    0.00   20.21    0.00    0.00    4.26    0.00    0.00    0.00   42.55
01:57:20       3   37.23    0.00   20.21    0.00    0.00    2.13    0.00    0.00    0.00   40.43
01:57:20       4   34.74    0.00   21.05    0.00    0.00    3.16    0.00    0.00    0.00   41.05
01:57:20       5   37.89    0.00   16.84    0.00    0.00    4.21    0.00    0.00    0.00   41.05
01:57:20       6   35.79    0.00   18.95    0.00    0.00    5.26    0.00    0.00    0.00   40.00
01:57:20       7   34.04    0.00   21.28    0.00    0.00    4.26    0.00    0.00    0.00   40.43

Average:     CPU    %usr   %nice    %sys %iowait    %irq   %soft  %steal  %guest  %gnice   %idle
Average:     all   51.33    0.02   21.76    0.01    0.00    3.51    0.00    0.00    0.00   23.37
Average:       0   49.90    0.00   22.76    0.00    0.00    4.22    0.00    0.00    0.00   23.12
Average:       1   52.34    0.00   22.15    0.00    0.00    3.19    0.00    0.00    0.00   22.31
Average:       2   50.75    0.00   21.47    0.05    0.00    3.21    0.00    0.00    0.00   24.52
Average:       3   51.88    0.05   21.58    0.00    0.00    3.36    0.00    0.00    0.00   23.13
Average:       4   50.95    0.00   21.65    0.05    0.00    3.69    0.00    0.00    0.00   23.65
Average:       5   51.52    0.05   21.51    0.00    0.00    3.55    0.00    0.00    0.00   23.37
Average:       6   51.40    0.05   20.34    0.00    0.00    3.42    0.00    0.00    0.00   24.79
Average:       7   51.88    0.00   22.62    0.00    0.00    3.44    0.00    0.00    0.00   22.06
