Linux 6.8.0-138-generic (europa) 	03/10/2026 	_x86_64_	(8 CPU)

02:01:07      UID       PID    %usr %system  %guest   %wait    %CPU   CPU  Command
02:01:08        0        77    0.00    0.96    0.00    0.00    0.96     1  irq/9-acpi
02:01:08      114       608    0.96    0.00    0.00    0.00    0.96     7  avahi-daemon
02:01:08        0       728    0.96    0.00    0.00    0.00    0.96     7  containerd
02:01:08        0      1203    0.96    0.00    0.00    0.00    0.96     7  upowerd
02:01:08        0      1507    0.96    0.00    0.00    0.00    0.96     1  dockerd
02:01:08     1001      2612    0.96    0.00    0.00    0.96    0.96     2  gnome-shell
02:01:08     1001      4511    0.00    0.96    0.00    0.00    0.96     6  gnome-terminal-
02:01:08     1001      4664    2.88    0.00    0.00    1.92    2.88     4  nautilus
02:01:08        0      5172    0.96    0.96    0.00    0.00    1.92     6  oai_nrf
02:01:08        0      5352    0.00    0.96    0.00    0.00    0.96     1  oai_udr
02:01:08        0      5430    0.00    0.96    0.00    0.00    0.96     7  oai_udm
02:01:08        0      5538    0.00    0.96    0.00    0.00    0.96     1  oai_ausf
02:01:08        0     64463  130.77   78.85    0.00    0.00  209.62     0  nr-softmodem
02:01:08        0    153774    0.00    0.96    0.00    0.00    0.96     3  kworker/3:0-events
02:01:08        0    176842   63.46   80.77    0.00    0.00  144.23     5  nr-uesoftmodem
02:01:08        0    183477    0.96    0.00    0.00    0.00    0.96     2  fwupd
02:01:08     1001    185328    2.88    4.81    0.00    5.77    7.69     6  top
02:01:08     1001    185329    0.96    1.92    0.00    1.92    2.88     2  pidstat

02:01:08      UID       PID    %usr %system  %guest   %wait    %CPU   CPU  Command
02:01:09        0      1507    2.00    1.00    0.00    0.00    3.00     1  dockerd
02:01:09     1001      2612    1.00    1.00    0.00    1.00    2.00     5  gnome-shell
02:01:09     1001      4528    1.00    0.00    0.00    0.00    1.00     5  Isolated Web Co
02:01:09        0      5172    0.00    2.00    0.00    0.00    2.00     6  oai_nrf
02:01:09        0      5174    1.00    1.00    0.00    0.00    2.00     3  asterisk
02:01:09        0      5352    1.00    1.00    0.00    0.00    2.00     1  oai_udr
02:01:09        0      5430    1.00    1.00    0.00    0.00    2.00     7  oai_udm
02:01:09        0      5538    1.00    1.00    0.00    0.00    2.00     1  oai_ausf
02:01:09        0      5776    1.00    0.00    0.00    0.00    1.00     0  containerd-shim
02:01:09        0     64463  133.00   78.00    0.00    0.00  211.00     0  nr-softmodem
02:01:09        0    110905    0.00    1.00    0.00    0.00    1.00     0  kworker/0:0-events
02:01:09        0    176842   61.00   84.00    0.00    0.00  145.00     5  nr-uesoftmodem
02:01:09     1001    185329    0.00    1.00    0.00    1.00    1.00     3  pidstat
02:01:09        0    185489    1.00    0.00    0.00    1.00    1.00     6  runc:[2:INIT]

02:01:09      UID       PID    %usr %system  %guest   %wait    %CPU   CPU  Command
02:01:10        0        77    0.00    1.00    0.00    1.00    1.00     1  irq/9-acpi
02:01:10        0       728    2.00    1.00    0.00    0.00    3.00     7  containerd
02:01:10        0      1507    1.00    1.00    0.00    0.00    2.00     1  dockerd
02:01:10     1001      4123    0.00    1.00    0.00    0.00    1.00     7  Privileged Cont
02:01:10        0      5073    1.00    0.00    0.00    1.00    1.00     7  containerd-shim
02:01:10      999      5165    1.00    0.00    0.00    0.00    1.00     5  mysqld
02:01:10        0      5172    1.00    1.00    0.00    0.00    2.00     6  oai_nrf
02:01:10        0      5352    1.00    1.00    0.00    0.00    2.00     1  oai_udr
02:01:10        0      5430    1.00    1.00    0.00    0.00    2.00     7  oai_udm
02:01:10        0      5538    1.00    1.00    0.00    0.00    2.00     1  oai_ausf
02:01:10        0     64463  133.00   79.00    0.00    0.00  212.00     0  nr-softmodem
02:01:10        0    176842   66.00   80.00    0.00    0.00  146.00     5  nr-uesoftmodem
02:01:10     1001    185328    3.00    3.00    0.00    3.00    6.00     4  top
02:01:10     1001    185329    1.00    2.00    0.00    2.00    3.00     4  pidstat

02:01:10      UID       PID    %usr %system  %guest   %wait    %CPU   CPU  Command
02:01:11        0       614    0.00    1.00    0.00    0.00    1.00     2  NetworkManager
02:01:11        0      1507    4.00    1.00    0.00    0.00    5.00     1  dockerd
02:01:11     1001      3544    1.00    0.00    0.00    0.00    1.00     0  MathWorksServic
02:01:11        0      5172    1.00    1.00    0.00    0.00    2.00     6  oai_nrf
02:01:11        0      5352    0.00    2.00    0.00    0.00    2.00     1  oai_udr
02:01:11        0      5430    0.00    2.00    0.00    0.00    2.00     7  oai_udm
02:01:11        0      5538    0.00    1.00    0.00    0.00    1.00     1  oai_ausf
02:01:11        0      5776    0.00    1.00    0.00    0.00    1.00     0  containerd-shim
02:01:11        0      5805    0.00    1.00    0.00    0.00    1.00     2  oai_upf
02:01:11        0     64463  151.00   84.00    0.00    0.00  235.00     0  nr-softmodem
02:01:11        0     79463    0.00    1.00    0.00    1.00    1.00     1  kworker/1:1-events
02:01:11        0    176842   77.00   84.00    0.00    0.00  161.00     5  nr-uesoftmodem
02:01:11     1001    185329    1.00    2.00    0.00    5.00    3.00     0  pidstat
02:01:11     1001    185558    1.00    1.00    0.00    0.00    2.00     6  docker
02:01:11        0    185580    9.00    3.00    0.00    6.00   12.00     3  iperf3

02:01:11      UID       PID    %usr %system  %guest   %wait    %CPU   CPU  Command
02:01:12        0        17    0.00    1.00    0.00    7.00    1.00     7  rcu_preempt
02:01:12      102       613    2.00    0.00    0.00   12.00    2.00     2  dbus-daemon
02:01:12        0       614    1.00    0.00    0.00    5.00    1.00     5  NetworkManager
02:01:12        0       638    0.00    1.00    0.00    0.00    1.00     6  snapd
02:01:12        0       647    1.00    0.00    0.00    2.00    1.00     6  wpa_supplicant
02:01:12        0       728    1.00    0.00    0.00    0.00    1.00     7  containerd
02:01:12        0      1507    9.00    7.00    0.00    0.00   16.00     1  dockerd
02:01:12     1001      2612    2.00    1.00    0.00   10.00    3.00     0  gnome-shell
02:01:12     1001      2778    0.00    1.00    0.00    1.00    1.00     5  gsd-sharing
02:01:12      999      5165    0.00    1.00    0.00    0.00    1.00     2  mysqld
02:01:12        0      5172    1.00    2.00    0.00    0.00    3.00     6  oai_nrf
02:01:12        0      5174    0.00    1.00    0.00    0.00    1.00     3  asterisk
02:01:12        0      5232    1.00    1.00    0.00    1.00    2.00     2  systemd-udevd
02:01:12        0      5352    0.00    2.00    0.00    0.00    2.00     1  oai_udr
02:01:12        0      5430    0.00    2.00    0.00    0.00    2.00     7  oai_udm
02:01:12        0      5538    3.00    0.00    0.00    0.00    3.00     1  oai_ausf
02:01:12        0      5670    1.00    1.00    0.00    0.00    2.00     2  containerd-shim
02:01:12        0      5776    3.00    5.00    0.00    0.00    8.00     0  containerd-shim
02:01:12        0      5805    7.00   11.00    0.00    0.00   18.00     2  oai_upf
02:01:12        0     64463  355.00   94.00    0.00    0.00  449.00     0  nr-softmodem
02:01:12        0     65407    0.00    1.00    0.00    1.00    1.00     3  kworker/u17:2-hci0
02:01:12        0    176842  132.00   83.00    0.00    0.00  215.00     5  nr-uesoftmodem
02:01:12        0    178718    1.00    4.00    0.00   29.00    5.00     4  iperf3
02:01:12     1001    185328    4.00    7.00    0.00   33.00   11.00     3  top
02:01:12     1001    185329    2.00    3.00    0.00   19.00    5.00     0  pidstat
02:01:12        0    185580   17.00   14.00    0.00   31.00   31.00     2  iperf3

02:01:12      UID       PID    %usr %system  %guest   %wait    %CPU   CPU  Command
02:01:13        0        77    0.00    1.00    0.00    0.00    1.00     1  irq/9-acpi
02:01:13        0       728    1.00    1.00    0.00    0.00    2.00     7  containerd
02:01:13        0      1203    1.00    0.00    0.00    6.00    1.00     0  upowerd
02:01:13        0      1507    8.00   10.00    0.00    0.00   18.00     1  dockerd
02:01:13     1001      2612    2.00    0.00    0.00    7.00    2.00     6  gnome-shell
02:01:13     1001      2851    1.00    1.00    0.00    0.00    2.00     4  MathWorksServic
02:01:13     1001      2935    1.00    0.00    0.00    0.00    1.00     5  MATLABConnector
02:01:13     1001      3739    0.00    1.00    0.00    0.00    1.00     5  firefox
02:01:13     1001      4397    0.00    1.00    0.00    0.00    1.00     5  Isolated Web Co
02:01:13     1001      4528    2.00    0.00    0.00    1.00    2.00     6  Isolated Web Co
02:01:13        0      5074    1.00    0.00    0.00    0.00    1.00     4  containerd-shim
02:01:13      999      5165    1.00    0.00    0.00    0.00    1.00     2  mysqld
02:01:13        0      5172    0.00    3.00    0.00    0.00    3.00     6  oai_nrf
02:01:13        0      5174    1.00    0.00    0.00    0.00    1.00     3  asterisk
02:01:13        0      5352    2.00    0.00    0.00    0.00    2.00     1  oai_udr
02:01:13        0      5430    0.00    2.00    0.00    0.00    2.00     7  oai_udm
02:01:13        0      5538    1.00    1.00    0.00    0.00    2.00     1  oai_ausf
02:01:13        0      5776    4.00    5.00    0.00    0.00    9.00     0  containerd-shim
02:01:13        0      5805    8.00   15.00    0.00    0.00   23.00     2  oai_upf
02:01:13        0     64463  361.00   93.00    0.00    0.00  454.00     0  nr-softmodem
02:01:13        0    131910    0.00    1.00    0.00    1.00    1.00     7  kworker/7:1-mm_percpu_wq
02:01:13        0    176791    0.00    1.00    0.00    0.00    1.00     5  containerd-shim
02:01:13        0    176842  136.00   72.00    0.00    0.00  208.00     5  nr-uesoftmodem
02:01:13        0    178718    1.00    5.00    0.00   46.00    6.00     4  iperf3
02:01:13     1001    185329    2.00    4.00    0.00   25.00    6.00     2  pidstat
02:01:13        0    185580   11.00   10.00    0.00   46.00   21.00     0  iperf3
02:01:13        0    185665    1.00    1.00    0.00    7.00    2.00     6  runc
02:01:13        0    185666    1.00    1.00    0.00   12.00    2.00     3  runc
02:01:13        0    185686    8.00    2.00    0.00   57.00   10.00     0  runc:[2:INIT]
02:01:13        0    185698    9.00    2.00    0.00   50.00   11.00     1  runc:[2:INIT]
02:01:13     1001    185707    2.00    2.00    0.00   12.00    4.00     5  docker

02:01:13      UID       PID    %usr %system  %guest   %wait    %CPU   CPU  Command
02:01:14        0        17    0.00    1.00    0.00    7.00    1.00     4  rcu_preempt
02:01:14        0       343    0.00    1.00    0.00    3.00    1.00     2  systemd-udevd
02:01:14        0       392    0.00    1.00    0.00    1.00    1.00     5  kworker/u16:16-flush-259:0
02:01:14      114       608    0.00    1.00    0.00    1.00    1.00     2  avahi-daemon
02:01:14        0       630    1.00    0.00    0.00    0.00    1.00     2  power-profiles-
02:01:14        0       728    2.00    1.00    0.00    0.00    3.00     7  containerd
02:01:14        0      1507   12.00    8.00    0.00    0.00   20.00     1  dockerd
02:01:14      999      5165    0.00    1.00    0.00    0.00    1.00     2  mysqld
02:01:14        0      5172    0.00    2.00    0.00    0.00    2.00     6  oai_nrf
02:01:14        0      5174    0.00    1.00    0.00    0.00    1.00     3  asterisk
02:01:14        0      5325    0.00    1.00    0.00    0.00    1.00     5  containerd-shim
02:01:14        0      5352    0.00    2.00    0.00    0.00    2.00     1  oai_udr
02:01:14        0      5430    0.00    2.00    0.00    0.00    2.00     7  oai_udm
02:01:14        0      5538    0.00    2.00    0.00    0.00    2.00     1  oai_ausf
02:01:14        0      5776    1.00    3.00    0.00    0.00    4.00     0  containerd-shim
02:01:14        0      5805    5.00   11.00    0.00    0.00   16.00     2  oai_upf
02:01:14        0     64414    1.00    0.00    0.00    0.00    1.00     7  containerd-shim
02:01:14        0     64463  290.00   77.00    0.00    0.00  367.00     0  nr-softmodem
02:01:14        0    135767    0.00    1.00    0.00    2.00    1.00     5  kworker/5:1-events
02:01:14        0    176842  109.00   61.00    0.00    0.00  170.00     5  nr-uesoftmodem
02:01:14        0    178718    0.00    4.00    0.00   34.00    4.00     3  iperf3
02:01:14     1001    185328    2.00    6.00    0.00   27.00    8.00     6  top
02:01:14     1001    185329    2.00    3.00    0.00   16.00    5.00     2  pidstat
02:01:14        0    185580    7.00    8.00    0.00   41.00   15.00     3  iperf3
02:01:14     1001    185707    0.00    1.00    0.00    0.00    1.00     5  docker
02:01:14     1001    185727   15.00    5.00    0.00   23.00   20.00     7  docker-compose
02:01:14        0    185733    1.00    1.00    0.00    8.00    2.00     4  runc
02:01:14        0    185748    1.00    1.00    0.00   25.00    2.00     7  runc
02:01:14        0    185760    7.00    2.00    0.00   41.00    9.00     1  runc:[2:INIT]
02:01:14        0    185772    2.00    1.00    0.00   22.00    3.00     3  runc:[2:INIT]

02:01:14      UID       PID    %usr %system  %guest   %wait    %CPU   CPU  Command
02:01:15        0       343    1.00    0.00    0.00    1.00    1.00     1  systemd-udevd
02:01:15      108       536    1.00    0.00    0.00    0.00    1.00     7  systemd-oomd
02:01:15      102       613    0.00    1.00    0.00    3.00    1.00     4  dbus-daemon
02:01:15        0       728    1.00    1.00    0.00    0.00    2.00     7  containerd
02:01:15        0      1203    1.00    1.00    0.00    1.00    2.00     1  upowerd
02:01:15        0      1507   10.00   10.00    0.00    0.00   20.00     1  dockerd
02:01:15     1001      2612    1.00    0.00    0.00    3.00    1.00     0  gnome-shell
02:01:15     1001      2769    0.00    1.00    0.00    1.00    1.00     0  gsd-media-keys
02:01:15     1001      3544    0.00    1.00    0.00    1.00    1.00     3  MathWorksServic
02:01:15     1001      4397    1.00    0.00    0.00    0.00    1.00     2  Isolated Web Co
02:01:15     1001      4511    1.00    0.00    0.00    2.00    1.00     4  gnome-terminal-
02:01:15      999      5165    1.00    0.00    0.00    0.00    1.00     2  mysqld
02:01:15        0      5172    4.00    0.00    0.00    0.00    4.00     6  oai_nrf
02:01:15        0      5174    1.00    0.00    0.00    0.00    1.00     3  asterisk
02:01:15        0      5232    1.00    0.00    0.00    2.00    1.00     1  systemd-udevd
02:01:15        0      5352    2.00    1.00    0.00    0.00    3.00     1  oai_udr
02:01:15        0      5430    0.00    3.00    0.00    0.00    3.00     7  oai_udm
02:01:15        0      5538    0.00    2.00    0.00    0.00    2.00     1  oai_ausf
02:01:15        0      5776    4.00    4.00    0.00    0.00    8.00     0  containerd-shim
02:01:15        0      5805    6.00   14.00    0.00    0.00   20.00     2  oai_upf
02:01:15     1001      5868    1.00    0.00    0.00    1.00    1.00     0  watch
02:01:15        0     64414    0.00    1.00    0.00    1.00    1.00     3  containerd-shim
02:01:15        0     64463  345.00   86.00    0.00    0.00  431.00     0  nr-softmodem
02:01:15        0    176842  130.00   73.00    0.00    0.00  203.00     5  nr-uesoftmodem
02:01:15        0    178718    1.00    4.00    0.00   42.00    5.00     4  iperf3
02:01:15     1001    185328    2.00    1.00    0.00    9.00    3.00     6  top
02:01:15     1001    185329    2.00    3.00    0.00   19.00    5.00     0  pidstat
02:01:15        0    185580    9.00   11.00    0.00   44.00   20.00     3  iperf3
02:01:15        0    185791   10.00    3.00    0.00   55.00   13.00     3  sh

02:01:15      UID       PID    %usr %system  %guest   %wait    %CPU   CPU  Command
02:01:16        0        77    0.00    1.00    0.00    0.00    1.00     1  irq/9-acpi
02:01:16        0       728    1.00    0.00    0.00    0.00    1.00     7  containerd
02:01:16        0      1507    9.00    9.00    0.00    0.00   18.00     1  dockerd
02:01:16     1001      2612    0.00    1.00    0.00    2.00    1.00     4  gnome-shell
02:01:16      999      5165    0.00    1.00    0.00    0.00    1.00     2  mysqld
02:01:16        0      5172    3.00    0.00    0.00    0.00    3.00     6  oai_nrf
02:01:16        0      5174    0.00    1.00    0.00    0.00    1.00     3  asterisk
02:01:16        0      5232    0.00    1.00    0.00    3.00    1.00     1  systemd-udevd
02:01:16        0      5325    1.00    0.00    0.00    0.00    1.00     6  containerd-shim
02:01:16        0      5352    0.00    2.00    0.00    0.00    2.00     1  oai_udr
02:01:16        0      5430    3.00    0.00    0.00    0.00    3.00     7  oai_udm
02:01:16        0      5538    0.00    3.00    0.00    0.00    3.00     1  oai_ausf
02:01:16        0      5776    3.00    5.00    0.00    0.00    8.00     0  containerd-shim
02:01:16        0      5805    8.00   15.00    0.00    0.00   23.00     2  oai_upf
02:01:16        0     64463  359.00   89.00    0.00    0.00  448.00     0  nr-softmodem
02:01:16        0     79463    0.00    1.00    0.00    2.00    1.00     1  kworker/1:1-mm_percpu_wq
02:01:16        0    110905    0.00    1.00    0.00    4.00    1.00     0  kworker/0:0-events
02:01:16        0    176842  135.00   75.00    0.00    0.00  210.00     5  nr-uesoftmodem
02:01:16        0    178718    1.00    4.00    0.00   45.00    5.00     7  iperf3
02:01:16     1001    185329    3.00    3.00    0.00   23.00    6.00     6  pidstat
02:01:16        0    185580   10.00   11.00    0.00   40.00   21.00     7  iperf3
02:01:16        0    185867    0.00    2.00    0.00    9.00    2.00     2  runc
02:01:16        0    185879   10.00    2.00    0.00   46.00   12.00     1  runc:[2:INIT]

02:01:16      UID       PID    %usr %system  %guest   %wait    %CPU   CPU  Command
02:01:17        0        17    0.00    1.00    0.00    8.00    1.00     2  rcu_preempt
02:01:17        0       614    1.00    0.00    0.00    1.00    1.00     5  NetworkManager
02:01:17        0      1507    8.00    7.00    0.00    0.00   15.00     1  dockerd
02:01:17     1001      2612    7.00    1.00    0.00   30.00    8.00     4  gnome-shell
02:01:17     1001      2778    1.00    0.00    0.00    0.00    1.00     5  gsd-sharing
02:01:17     1001      2851    1.00    0.00    0.00    0.00    1.00     4  MathWorksServic
02:01:17     1001      3544    1.00    0.00    0.00    3.00    1.00     0  MathWorksServic
02:01:17     1001      3739    2.00    0.00    0.00    3.00    2.00     7  firefox
02:01:17     1001      4664    4.00    1.00    0.00   31.00    5.00     6  nautilus
02:01:17      999      5165    1.00    0.00    0.00    0.00    1.00     2  mysqld
02:01:17        0      5172    0.00    2.00    0.00    0.00    2.00     6  oai_nrf
02:01:17        0      5352    1.00    2.00    0.00    0.00    3.00     1  oai_udr
02:01:17        0      5430    2.00    0.00    0.00    0.00    2.00     7  oai_udm
02:01:17        0      5507    0.00    1.00    0.00    0.00    1.00     5  containerd-shim
02:01:17        0      5538    0.00    2.00    0.00    0.00    2.00     1  oai_ausf
02:01:17        0      5597    0.00    1.00    0.00    0.00    1.00     7  containerd-shim
02:01:17        0      5776    2.00    5.00    0.00    0.00    7.00     0  containerd-shim
02:01:17        0      5805    6.00   14.00    0.00    0.00   20.00     2  oai_upf
02:01:17        0     64463  332.00   89.00    0.00    0.00  421.00     0  nr-softmodem
02:01:17        0    176842  131.00   65.00    0.00    0.00  196.00     5  nr-uesoftmodem
02:01:17        0    178718    1.00    4.00    0.00   46.00    5.00     2  iperf3
02:01:17     1001    185328    4.00    9.00    0.00   54.00   13.00     3  top
02:01:17     1001    185329    2.00    4.00    0.00   23.00    6.00     2  pidstat
02:01:17        0    185580    8.00   11.00    0.00   46.00   19.00     7  iperf3
02:01:17     1001    185888    2.00    2.00    0.00   10.00    4.00     7  docker
02:01:17     1001    185930    7.00    3.00    0.00   18.00   10.00     3  docker-compose

02:01:17      UID       PID    %usr %system  %guest   %wait    %CPU   CPU  Command
02:01:18        0       728    1.00    1.00    0.00    0.00    2.00     7  containerd
02:01:18        0      1203    1.00    0.00    0.00    3.00    1.00     4  upowerd
02:01:18        0      1507   10.00   10.00    0.00    0.00   20.00     1  dockerd
02:01:18     1001      2612    1.00    1.00    0.00   10.00    2.00     0  gnome-shell
02:01:18        0      5172    2.00    2.00    0.00    0.00    4.00     6  oai_nrf
02:01:18        0      5174    1.00    1.00    0.00    0.00    2.00     3  asterisk
02:01:18        0      5352    2.00    0.00    0.00    0.00    2.00     1  oai_udr
02:01:18        0      5397    1.00    1.00    0.00    0.00    2.00     5  containerd-shim
02:01:18        0      5430    2.00    0.00    0.00    0.00    2.00     7  oai_udm
02:01:18        0      5538    0.00    2.00    0.00    0.00    2.00     1  oai_ausf
02:01:18        0      5776    4.00    4.00    0.00    0.00    8.00     0  containerd-shim
02:01:18        0      5805    7.00   15.00    0.00    0.00   22.00     2  oai_upf
02:01:18        0     64463  359.00   85.00    0.00    0.00  444.00     0  nr-softmodem
02:01:18        0    153546    0.00    1.00    0.00    3.00    1.00     5  kworker/u16:2-events_power_efficient
02:01:18        0    176842  134.00   70.00    0.00    0.00  204.00     5  nr-uesoftmodem
02:01:18        0    178718    1.00    5.00    0.00   50.00    6.00     5  iperf3
02:01:18     1001    185329    2.00    4.00    0.00   23.00    6.00     3  pidstat
02:01:18        0    185580    7.00   12.00    0.00   40.00   19.00     7  iperf3
02:01:18        0    185946    1.00    1.00    0.00   10.00    2.00     6  runc
02:01:18        0    185959    3.00    1.00    0.00   31.00    4.00     2  runc:[2:INIT]

02:01:18      UID       PID    %usr %system  %guest   %wait    %CPU   CPU  Command
02:01:19        0        17    0.00    0.99    0.00    8.91    0.99     1  rcu_preempt
02:01:19        0        23    0.00    0.99    0.00    0.00    0.99     1  migration/1
02:01:19        0        77    0.00    0.99    0.00    0.99    0.99     1  irq/9-acpi
02:01:19      108       536    0.00    0.99    0.00    0.00    0.99     4  systemd-oomd
02:01:19      114       608    0.99    0.00    0.00    6.93    0.99     5  avahi-daemon
02:01:19        0       638    0.99    0.00    0.00    0.00    0.99     6  snapd
02:01:19        0       728    1.98    0.00    0.00    0.00    1.98     7  containerd
02:01:19        0      1203    0.00    0.99    0.00    1.98    0.99     4  upowerd
02:01:19        0      1507    7.92    8.91    0.00    0.00   16.83     1  dockerd
02:01:19     1001      2851    0.00    0.99    0.00    0.00    0.99     4  MathWorksServic
02:01:19     1001      4528    0.99    0.00    0.00    0.99    0.99     2  Isolated Web Co
02:01:19        0      5074    0.99    0.00    0.00    0.00    0.99     2  containerd-shim
02:01:19      999      5165    0.00    0.99    0.00    0.00    0.99     2  mysqld
02:01:19        0      5172    2.97    0.00    0.00    0.00    2.97     6  oai_nrf
02:01:19        0      5232    0.00    0.99    0.00    2.97    0.99     2  systemd-udevd
02:01:19        0      5352    0.00    1.98    0.00    0.00    1.98     1  oai_udr
02:01:19        0      5430    1.98    0.00    0.00    0.00    1.98     7  oai_udm
02:01:19        0      5538    0.00    1.98    0.00    0.00    1.98     1  oai_ausf
02:01:19        0      5628    0.99    0.00    0.00    0.00    0.99     4  oai_amf
02:01:19        0      5776    3.96    3.96    0.00    0.00    7.92     0  containerd-shim
02:01:19        0      5805    5.94   13.86    0.00    0.00   19.80     2  oai_upf
02:01:19        0     64463  334.65   83.17    0.00    0.00  417.82     0  nr-softmodem
02:01:19        0     79463    0.00    0.99    0.00    1.98    0.99     1  kworker/1:1-events
02:01:19        0    125911    0.00    0.99    0.00    1.98    0.99     6  kworker/6:0-mm_percpu_wq
02:01:19        0    176842  127.72   66.34    0.00    0.00  194.06     5  nr-uesoftmodem
02:01:19        0    178718    0.99    2.97    0.00   45.54    3.96     2  iperf3
02:01:19     1001    185328    1.98    4.95    0.00   21.78    6.93     3  top
02:01:19     1001    185329    1.98    2.97    0.00   20.79    4.95     7  pidstat
02:01:19        0    185580    6.93    8.91    0.00   45.54   15.84     2  iperf3
02:01:19        0    185959   10.89    2.97    0.00   64.36   13.86     7  sh
02:01:19        0    185965    0.99    0.99    0.00   10.89    1.98     7  runc
02:01:19        0    185992    5.94    1.98    0.00   35.64    7.92     4  runc:[2:INIT]
02:01:19        0    186000    0.99    0.99    0.00    8.91    1.98     6  sh

02:01:19      UID       PID    %usr %system  %guest   %wait    %CPU   CPU  Command
02:01:20        0       728    3.00    1.00    0.00    0.00    4.00     7  containerd
02:01:20        0      1203    1.00    0.00    0.00    7.00    1.00     4  upowerd
02:01:20        0      1507    9.00    8.00    0.00    0.00   17.00     1  dockerd
02:01:20     1001      2612    4.00    1.00    0.00   23.00    5.00     6  gnome-shell
02:01:20     1001      2769    1.00    0.00    0.00    0.00    1.00     5  gsd-media-keys
02:01:20     1001      4511    1.00    1.00    0.00   10.00    2.00     5  gnome-terminal-
02:01:20        0      5073    0.00    1.00    0.00    2.00    1.00     0  containerd-shim
02:01:20        0      5074    0.00    1.00    0.00    0.00    1.00     5  containerd-shim
02:01:20        0      5089    1.00    0.00    0.00    0.00    1.00     7  containerd-shim
02:01:20      999      5165    1.00    0.00    0.00    0.00    1.00     2  mysqld
02:01:20        0      5172    2.00    0.00    0.00    0.00    2.00     6  oai_nrf
02:01:20        0      5174    1.00    1.00    0.00    0.00    2.00     3  asterisk
02:01:20        0      5232    1.00    0.00    0.00    2.00    1.00     7  systemd-udevd
02:01:20        0      5352    2.00    0.00    0.00    0.00    2.00     1  oai_udr
02:01:20        0      5430    0.00    1.00    0.00    0.00    1.00     7  oai_udm
02:01:20        0      5538    0.00    2.00    0.00    0.00    2.00     1  oai_ausf
02:01:20        0      5776    1.00    4.00    0.00    0.00    5.00     5  containerd-shim
02:01:20        0      5805    7.00   15.00    0.00    0.00   22.00     2  oai_upf
02:01:20     1001      5868    0.00    1.00    0.00    1.00    1.00     1  watch
02:01:20        0     64463  354.00   90.00    0.00    0.00  444.00     0  nr-softmodem
02:01:20        0    134635    0.00    1.00    0.00    2.00    1.00     2  kworker/2:0-mm_percpu_wq
02:01:20        0    135767    0.00    1.00    0.00    0.00    1.00     5  kworker/5:1-events
02:01:20        0    176791    1.00    0.00    0.00    0.00    1.00     6  containerd-shim
02:01:20        0    176842  138.00   68.00    0.00    0.00  206.00     5  nr-uesoftmodem
02:01:20        0    178718    1.00    3.00    0.00   59.00    4.00     2  iperf3
02:01:20     1001    185328    3.00    3.00    0.00   19.00    6.00     6  top
02:01:20     1001    185329    2.00    4.00    0.00   26.00    6.00     3  pidstat
02:01:20        0    185580    6.00   11.00    0.00   57.00   17.00     2  iperf3
02:01:20        0    186020    1.00    1.00    0.00   11.00    2.00     5  runc
02:01:20        0    186052    9.00    2.00    0.00   71.00   11.00     6  runc:[2:INIT]
02:01:20     1001    186085    2.00    2.00    0.00    7.00    4.00     3  docker

02:01:20      UID       PID    %usr %system  %guest   %wait    %CPU   CPU  Command
02:01:21        0       343    0.00    1.00    0.00    5.00    1.00     5  systemd-udevd
02:01:21        0       728    1.00    1.00    0.00    0.00    2.00     7  containerd
02:01:21        0      1507    5.00    7.00    0.00    0.00   12.00     1  dockerd
02:01:21     1001      2612   10.00    3.00    0.00   91.00   13.00     1  gnome-shell
02:01:21     1001      2851    1.00    0.00    0.00    0.00    1.00     4  MathWorksServic
02:01:21     1001      3544    1.00    1.00    0.00    8.00    2.00     6  MathWorksServic
02:01:21     1001      3739   12.00    3.00    0.00   73.00   15.00     1  firefox
02:01:21     1001      4528   14.00    3.00    0.00   88.00   17.00     2  Isolated Web Co
02:01:21     1001      4635   10.00    2.00    0.00   68.00   12.00     2  gedit
02:01:21        0      5072    0.00    1.00    0.00    0.00    1.00     5  containerd-shim
02:01:21        0      5073    1.00    0.00    0.00    2.00    1.00     7  containerd-shim
02:01:21      999      5165    0.00    1.00    0.00    0.00    1.00     2  mysqld
02:01:21        0      5172    1.00    2.00    0.00    0.00    3.00     6  oai_nrf
02:01:21        0      5352    3.00    0.00    0.00    0.00    3.00     1  oai_udr
02:01:21        0      5430    2.00    0.00    0.00    0.00    2.00     7  oai_udm
02:01:21        0      5538    0.00    3.00    0.00    0.00    3.00     1  oai_ausf
02:01:21        0      5776    3.00    2.00    0.00    0.00    5.00     5  containerd-shim
02:01:21        0      5805    7.00   13.00    0.00    0.00   20.00     2  oai_upf
02:01:21        0     64463  365.00   88.00    0.00    0.00  453.00     0  nr-softmodem
02:01:21        0    176842  147.00   77.00    0.00    0.00  224.00     5  nr-uesoftmodem
02:01:21        0    178718    1.00    4.00    0.00   63.00    5.00     0  iperf3
02:01:21     1001    185329    2.00    5.00    0.00   38.00    7.00     7  pidstat
02:01:21        0    185580    2.00   10.00    0.00   63.00   12.00     3  iperf3
02:01:21        0    186052    4.00    2.00    0.00   34.00    6.00     4  sh
02:01:21        0    186122    1.00    2.00    0.00   25.00    3.00     4  runc
02:01:21     1001    186123   17.00    5.00    0.00   15.00   22.00     3  docker-compose
02:01:21        0    186147    9.00    3.00    0.00   80.00   12.00     2  runc:[2:INIT]

02:01:21      UID       PID    %usr %system  %guest   %wait    %CPU   CPU  Command
02:01:22        0        17    0.00    1.00    0.00    8.00    1.00     4  rcu_preempt
02:01:22        0        77    0.00    1.00    0.00    0.00    1.00     1  irq/9-acpi
02:01:22      114       608    0.00    1.00    0.00    3.00    1.00     5  avahi-daemon
02:01:22        0       728    0.00    1.00    0.00    0.00    1.00     7  containerd
02:01:22        0      1203    1.00    0.00    0.00    5.00    1.00     7  upowerd
02:01:22        0      1507   10.00    6.00    0.00    0.00   16.00     1  dockerd
02:01:22     1001      2612    9.00    4.00    0.00   64.00   13.00     5  gnome-shell
02:01:22     1001      3739   13.00    5.00    0.00   53.00   18.00     7  firefox
02:01:22     1001      4511    1.00    0.00    0.00    4.00    1.00     5  gnome-terminal-
02:01:22     1001      4528   10.00    3.00    0.00   59.00   13.00     6  Isolated Web Co
02:01:22     1001      4635    2.00    1.00    0.00   15.00    3.00     1  gedit
02:01:22        0      5072    1.00    0.00    0.00    0.00    1.00     4  containerd-shim
02:01:22      999      5165    1.00    0.00    0.00    0.00    1.00     5  mysqld
02:01:22        0      5172    2.00    0.00    0.00    0.00    2.00     6  oai_nrf
02:01:22        0      5174    0.00    1.00    0.00    0.00    1.00     3  asterisk
02:01:22        0      5232    0.00    1.00    0.00    5.00    1.00     3  systemd-udevd
02:01:22        0      5352    1.00    1.00    0.00    0.00    2.00     1  oai_udr
02:01:22        0      5430    2.00    0.00    0.00    0.00    2.00     7  oai_udm
02:01:22        0      5538    0.00    2.00    0.00    0.00    2.00     1  oai_ausf
02:01:22        0      5776    2.00    3.00    0.00    0.00    5.00     5  containerd-shim
02:01:22        0      5805    5.00   12.00    0.00    0.00   17.00     2  oai_upf
02:01:22        0     64463  272.00   72.00    0.00    0.00  344.00     0  nr-softmodem
02:01:22        0     65407    0.00    1.00    0.00    2.00    1.00     5  kworker/u17:2-hci0
02:01:22        0    131910    0.00    1.00    0.00    2.00    1.00     7  kworker/7:1-events
02:01:22        0    134635    0.00    1.00    0.00    2.00    1.00     2  kworker/2:0-i915-unordered
02:01:22        0    176842  100.00   53.00    0.00    0.00  153.00     5  nr-uesoftmodem
02:01:22        0    178718    1.00    2.00    0.00   42.00    3.00     3  iperf3
02:01:22     1001    185328    3.00    9.00    0.00   60.00   12.00     1  top
02:01:22     1001    185329    1.00    3.00    0.00   18.00    4.00     7  pidstat
02:01:22        0    185580    2.00    9.00    0.00   42.00   11.00     6  iperf3
02:01:22        0    186147    8.00    3.00    0.00   50.00   11.00     7  mysql-healthche

02:01:22      UID       PID    %usr %system  %guest   %wait    %CPU   CPU  Command
02:01:23      102       613    0.99    0.00    0.00    2.97    0.99     5  dbus-daemon
02:01:23        0       728    0.99    0.99    0.00    0.00    1.98     7  containerd
02:01:23        0      1507    5.94    6.93    0.00    0.00   12.87     1  dockerd
02:01:23     1001      2612    9.90    1.98    0.00   71.29   11.88     6  gnome-shell
02:01:23     1001      2935    0.00    0.99    0.00    0.00    0.99     5  MATLABConnector
02:01:23     1001      3739   12.87    3.96    0.00   51.49   16.83     6  firefox
02:01:23     1001      4528   12.87    2.97    0.00   67.33   15.84     6  Isolated Web Co
02:01:23     1001      4635    9.90    0.99    0.00   60.40   10.89     2  gedit
02:01:23     1001      4664    0.99    0.00    0.00    0.99    0.99     5  nautilus
02:01:23      999      5165    0.99    0.00    0.00    0.99    0.99     6  mysqld
02:01:23        0      5172    2.97    0.00    0.00    0.00    2.97     6  oai_nrf
02:01:23        0      5174    0.99    0.00    0.00    0.00    0.99     3  asterisk
02:01:23        0      5232    0.99    0.00    0.00    9.90    0.99     4  systemd-udevd
02:01:23        0      5352    2.97    0.00    0.00    0.00    2.97     1  oai_udr
02:01:23        0      5430    0.00    2.97    0.00    0.00    2.97     7  oai_udm
02:01:23        0      5538    0.00    1.98    0.00    0.00    1.98     1  oai_ausf
02:01:23        0      5776    1.98    3.96    0.00    0.00    5.94     5  containerd-shim
02:01:23        0      5805    6.93   15.84    0.00    0.00   22.77     2  oai_upf
02:01:23        0     64463  359.41   90.10    0.00    0.00  449.50     0  nr-softmodem
02:01:23        0     79463    0.00    0.99    0.00    1.98    0.99     1  kworker/1:1-mm_percpu_wq
02:01:23        0    176842  137.62   73.27    0.00    0.00  210.89     5  nr-uesoftmodem
02:01:23        0    178718    0.00    4.95    0.00   55.45    4.95     7  iperf3
02:01:23     1001    185329    1.98    4.95    0.00   27.72    6.93     2  pidstat
02:01:23        0    185580    8.91   10.89    0.00   55.45   19.80     4  iperf3
02:01:23        0    186176    0.99    0.99    0.00    9.90    1.98     4  runc
02:01:23        0    186188    9.90    2.97    0.00   67.33   12.87     1  runc:[2:INIT]

02:01:23      UID       PID    %usr %system  %guest   %wait    %CPU   CPU  Command
02:01:24        0        17    0.00    1.01    0.00    9.09    1.01     0  rcu_preempt
02:01:24        0        30    0.00    1.01    0.00    0.00    1.01     2  ksoftirqd/2
02:01:24        0       343    1.01    0.00    0.00    4.04    1.01     7  systemd-udevd
02:01:24        0       638    0.00    1.01    0.00    0.00    1.01     6  snapd
02:01:24        0       728    1.01    0.00    0.00    0.00    1.01     7  containerd
02:01:24        0      1507    9.09    8.08    0.00    0.00   17.17     1  dockerd
02:01:24     1001      2612    6.06    3.03    0.00   47.47    9.09     3  gnome-shell
02:01:24     1001      2851    0.00    1.01    0.00    0.00    1.01     4  MathWorksServic
02:01:24     1001      3739    4.04    2.02    0.00    8.08    6.06     2  firefox
02:01:24     1001      4528    4.04    0.00    0.00   27.27    4.04     4  Isolated Web Co
02:01:24     1001      4635    3.03    0.00    0.00   16.16    3.03     6  gedit
02:01:24      999      5165    1.01    1.01    0.00    0.00    2.02     6  mysqld
02:01:24        0      5172    1.01    1.01    0.00    0.00    2.02     6  oai_nrf
02:01:24        0      5174    0.00    1.01    0.00    0.00    1.01     3  asterisk
02:01:24        0      5352    2.02    0.00    0.00    0.00    2.02     1  oai_udr
02:01:24        0      5430    0.00    2.02    0.00    0.00    2.02     7  oai_udm
02:01:24        0      5538    0.00    3.03    0.00    0.00    3.03     1  oai_ausf
02:01:24        0      5670    0.00    1.01    0.00    0.00    1.01     2  containerd-shim
02:01:24        0      5776    2.02    4.04    0.00    0.00    6.06     5  containerd-shim
02:01:24        0      5805    7.07   14.14    0.00    0.00   21.21     2  oai_upf
02:01:24        0     56448    0.00    1.01    0.00    1.01    1.01     5  kworker/u16:0-i915
02:01:24        0     64463  379.80   95.96    0.00    0.00  475.76     0  nr-softmodem
02:01:24        0    176842  146.46   79.80    0.00    0.00  226.26     5  nr-uesoftmodem
02:01:24        0    178718    1.01    4.04    0.00   46.46    5.05     2  iperf3
02:01:24        0    183477    0.00    1.01    0.00    0.00    1.01     6  fwupd
02:01:24     1001    185328    1.01    3.03    0.00   15.15    4.04     1  top
02:01:24     1001    185329    3.03    3.03    0.00   38.38    6.06     3  pidstat
02:01:24        0    185580    8.08   13.13    0.00   50.51   21.21     2  iperf3
02:01:24        0    186217    0.00    1.01    0.00    8.08    1.01     2  runc
02:01:24     1001    186220    2.02    2.02    0.00   14.14    4.04     1  docker
02:01:24        0    186238    6.06    2.02    0.00   47.47    8.08     5  runc:[2:INIT]

02:01:24      UID       PID    %usr %system  %guest   %wait    %CPU   CPU  Command
02:01:25        0       728    3.00    2.00    0.00    0.00    5.00     7  containerd
02:01:25        0      1203    1.00    0.00    0.00    1.00    1.00     7  upowerd
02:01:25        0      1507    6.00    5.00    0.00    0.00   11.00     1  dockerd
02:01:25     1001      2612    7.00    2.00    0.00   58.00    9.00     3  gnome-shell
02:01:25     1001      2851    1.00    0.00    0.00    0.00    1.00     4  MathWorksServic
02:01:25     1001      3739    8.00    2.00    0.00    7.00   10.00     2  firefox
02:01:25     1001      4528    2.00    1.00    0.00   19.00    3.00     4  Isolated Web Co
02:01:25        0      5172    1.00    2.00    0.00    0.00    3.00     6  oai_nrf
02:01:25        0      5174    1.00    0.00    0.00    0.00    1.00     3  asterisk
02:01:25        0      5232    1.00    0.00    0.00    6.00    1.00     5  systemd-udevd
02:01:25        0      5352    2.00    0.00    0.00    0.00    2.00     1  oai_udr
02:01:25        0      5430    0.00    2.00    0.00    0.00    2.00     7  oai_udm
02:01:25        0      5538    0.00    1.00    0.00    0.00    1.00     1  oai_ausf
02:01:25        0      5597    1.00    0.00    0.00    0.00    1.00     7  containerd-shim
02:01:25        0      5776    1.00    1.00    0.00    0.00    2.00     5  containerd-shim
02:01:25        0      5805    2.00    7.00    0.00    0.00    9.00     2  oai_upf
02:01:25        0     64414    1.00    0.00    0.00    0.00    1.00     3  containerd-shim
02:01:25        0     64463  281.00   67.00    0.00    0.00  348.00     0  nr-softmodem
02:01:25        0    135767    0.00    1.00    0.00    3.00    1.00     5  kworker/5:1-events
02:01:25        0    176791    0.00    1.00    0.00    0.00    1.00     1  containerd-shim
02:01:25        0    176842  100.00   60.00    0.00    0.00  160.00     5  nr-uesoftmodem
02:01:25        0    178718    0.00    2.00    0.00   21.00    2.00     0  iperf3
02:01:25     1001    185328    4.00    6.00    0.00   40.00   10.00     0  top
02:01:25     1001    185329    3.00    3.00    0.00   21.00    6.00     2  pidstat
02:01:25        0    185580    6.00    8.00    0.00   41.00   14.00     4  iperf3
02:01:25        0    186270    1.00    1.00    0.00   11.00    2.00     0  runc
02:01:25        0    186276    1.00    1.00    0.00   15.00    2.00     4  runc
02:01:25        0    186284    3.00    1.00    0.00   23.00    4.00     6  runc:[2:INIT]

02:01:25      UID       PID    %usr %system  %guest   %wait    %CPU   CPU  Command
02:01:26        0        77    0.00    1.00    0.00    1.00    1.00     1  irq/9-acpi
02:01:26      108       536    1.00    0.00    0.00    3.00    1.00     2  systemd-oomd
02:01:26        0       728    2.00    1.00    0.00    0.00    3.00     7  containerd
02:01:26        0      1203    0.00    1.00    0.00    6.00    1.00     7  upowerd
02:01:26        0      1507    6.00    5.00    0.00    0.00   11.00     1  dockerd
02:01:26     1001      2612    1.00    0.00    0.00    9.00    1.00     3  gnome-shell
02:01:26     1001      3544    1.00    0.00    0.00    2.00    1.00     6  MathWorksServic
02:01:26     1001      3739    0.00    1.00    0.00    1.00    1.00     2  firefox
02:01:26     1001      4123    1.00    0.00    0.00    1.00    1.00     2  Privileged Cont
02:01:26        0      5074    1.00    0.00    0.00    0.00    1.00     5  containerd-shim
02:01:26      999      5165    1.00    0.00    0.00    0.00    1.00     6  mysqld
02:01:26        0      5172    0.00    2.00    0.00    0.00    2.00     6  oai_nrf
02:01:26        0      5174    0.00    1.00    0.00    0.00    1.00     3  asterisk
02:01:26        0      5232    0.00    1.00    0.00    2.00    1.00     7  systemd-udevd
02:01:26        0      5352    2.00    0.00    0.00    0.00    2.00     1  oai_udr
02:01:26        0      5430    0.00    2.00    0.00    0.00    2.00     7  oai_udm
02:01:26        0      5538    0.00    3.00    0.00    0.00    3.00     1  oai_ausf
02:01:26        0      5776    1.00    2.00    0.00    0.00    3.00     5  containerd-shim
02:01:26        0      5805    5.00    8.00    0.00    0.00   13.00     2  oai_upf
02:01:26        0     64414    0.00    1.00    0.00    1.00    1.00     2  containerd-shim
02:01:26        0     64463  335.00   84.00    0.00    0.00  419.00     0  nr-softmodem
02:01:26        0    176842  124.00   68.00    0.00    0.00  192.00     5  nr-uesoftmodem
02:01:26        0    178718    1.00    2.00    0.00   35.00    3.00     2  iperf3
02:01:26     1001    185329    2.00    4.00    0.00   19.00    6.00     3  pidstat
02:01:26        0    185580    6.00   11.00    0.00   57.00   17.00     2  iperf3
02:01:26        0    186305    1.00    1.00    0.00   23.00    2.00     4  runc
02:01:26        0    186325    1.00    1.00    0.00    4.00    2.00     4  runc
02:01:26        0    186326   13.00    3.00    0.00   68.00   16.00     6  runc:[2:INIT]
02:01:26        0    186344   12.00    3.00    0.00   60.00   15.00     7  runc:[2:INIT]

02:01:26      UID       PID    %usr %system  %guest   %wait    %CPU   CPU  Command
02:01:27        0        17    0.00    1.00    0.00    9.00    1.00     0  rcu_preempt
02:01:27        0       428    0.00    1.00    0.00    0.00    1.00     5  irq/144-iwlwifi:default_queue
02:01:27        0       605    0.00    1.00    0.00    1.00    1.00     7  acpid
02:01:27      114       608    1.00    0.00    0.00    8.00    1.00     5  avahi-daemon
02:01:27        0       728    1.00    1.00    0.00    0.00    2.00     7  containerd
02:01:27        0      1507    7.00    6.00    0.00    0.00   13.00     1  dockerd
02:01:27     1001      2612    6.00    1.00    0.00   21.00    7.00     5  gnome-shell
02:01:27     1001      4511    1.00    1.00    0.00    2.00    2.00     1  gnome-terminal-
02:01:27        0      5089    1.00    0.00    0.00    0.00    1.00     7  containerd-shim
02:01:27      999      5165    0.00    1.00    0.00    0.00    1.00     6  mysqld
02:01:27        0      5172    0.00    3.00    0.00    0.00    3.00     6  oai_nrf
02:01:27        0      5174    1.00    0.00    0.00    0.00    1.00     3  asterisk
02:01:27        0      5325    1.00    0.00    0.00    0.00    1.00     6  containerd-shim
02:01:27        0      5352    2.00    0.00    0.00    0.00    2.00     1  oai_udr
02:01:27        0      5397    0.00    1.00    0.00    0.00    1.00     4  containerd-shim
02:01:27        0      5430    2.00    1.00    0.00    0.00    3.00     7  oai_udm
02:01:27        0      5507    1.00    0.00    0.00    0.00    1.00     5  containerd-shim
02:01:27        0      5538    0.00    2.00    0.00    0.00    2.00     1  oai_ausf
02:01:27        0      5597    0.00    1.00    0.00    0.00    1.00     6  containerd-shim
02:01:27        0      5670    1.00    0.00    0.00    0.00    1.00     2  containerd-shim
02:01:27        0      5776    2.00    2.00    0.00    0.00    4.00     5  containerd-shim
02:01:27        0      5805    4.00   11.00    0.00    0.00   15.00     2  oai_upf
02:01:27        0     64463  352.00   85.00    0.00    0.00  437.00     0  nr-softmodem
02:01:27        0     79463    0.00    1.00    0.00    1.00    1.00     1  kworker/1:1-events
02:01:27        0    176842  126.00   63.00    0.00    0.00  189.00     5  nr-uesoftmodem
02:01:27        0    178718    1.00    2.00    0.00   31.00    3.00     6  iperf3
02:01:27     1001    185328    1.00    3.00    0.00   23.00    4.00     0  top
02:01:27     1001    185329    2.00    3.00    0.00   18.00    5.00     4  pidstat
02:01:27        0    185580    4.00   16.00    0.00   79.00   20.00     3  iperf3
02:01:27        0    186419    1.00    1.00    0.00    7.00    2.00     6  runc

Average:      UID       PID    %usr %system  %guest   %wait    %CPU   CPU  Command
Average:        0        17    0.00    0.35    0.00    6.53    0.35     -  rcu_preempt
Average:        0        23    0.00    0.05    0.00    0.00    0.05     -  migration/1
Average:        0        30    0.00    0.05    0.00    0.30    0.05     -  ksoftirqd/2
Average:        0        77    0.00    0.35    0.00    0.35    0.35     -  irq/9-acpi
Average:        0       343    0.10    0.10    0.00    1.30    0.20     -  systemd-udevd
Average:        0       392    0.00    0.05    0.00    0.20    0.05     -  kworker/u16:16-events_power_efficient
Average:        0       428    0.00    0.05    0.00    0.05    0.05     -  irq/144-iwlwifi:default_queue
Average:      108       536    0.10    0.05    0.00    0.95    0.15     -  systemd-oomd
Average:        0       605    0.00    0.05    0.00    0.30    0.05     -  acpid
Average:      114       608    0.15    0.10    0.00    1.95    0.25     -  avahi-daemon
Average:      102       613    0.15    0.05    0.00    1.45    0.20     -  dbus-daemon
Average:        0       614    0.10    0.05    0.00    0.50    0.15     -  NetworkManager
Average:        0       630    0.05    0.00    0.00    0.40    0.05     -  power-profiles-
Average:        0       638    0.05    0.10    0.00    0.00    0.15     -  snapd
Average:        0       647    0.05    0.00    0.00    0.10    0.05     -  wpa_supplicant
Average:        0       728    1.20    0.65    0.00    0.00    1.85     -  containerd
Average:        0      1203    0.35    0.15    0.00    2.59    0.50     -  upowerd
Average:        0      1507    6.98    6.23    0.00    0.00   13.22     -  dockerd
Average:     1001      2612    3.39    1.05    0.00   22.84    4.44     -  gnome-shell
Average:     1001      2769    0.05    0.05    0.00    0.20    0.10     -  gsd-media-keys
Average:     1001      2778    0.05    0.05    0.00    0.05    0.10     -  gsd-sharing
Average:     1001      2851    0.20    0.15    0.00    0.00    0.35     -  MathWorksServic
Average:     1001      2935    0.05    0.05    0.00    0.00    0.10     -  MATLABConnector
Average:     1001      3544    0.20    0.10    0.00    0.95    0.30     -  MathWorksServic
Average:     1001      3739    2.59    0.90    0.00   10.02    3.49     -  firefox
Average:     1001      4123    0.05    0.05    0.00    0.35    0.10     -  Privileged Cont
Average:     1001      4397    0.05    0.05    0.00    0.45    0.10     -  Isolated Web Co
Average:     1001      4511    0.20    0.15    0.00    1.90    0.35     -  gnome-terminal-
Average:     1001      4528    2.34    0.50    0.00   13.62    2.84     -  Isolated Web Co
Average:     1001      4635    1.25    0.20    0.00    8.23    1.45     -  gedit
Average:     1001      4664    0.40    0.05    0.00    1.85    0.45     -  nautilus
Average:        0      5072    0.05    0.05    0.00    0.00    0.10     -  containerd-shim
Average:        0      5073    0.10    0.05    0.00    0.55    0.15     -  containerd-shim
Average:        0      5074    0.15    0.05    0.00    0.15    0.20     -  containerd-shim
Average:        0      5089    0.10    0.00    0.00    0.00    0.10     -  containerd-shim
Average:      999      5165    0.45    0.35    0.00    0.05    0.80     -  mysqld
Average:        0      5172    1.30    1.30    0.00    0.00    2.59     -  oai_nrf
Average:        0      5174    0.40    0.45    0.00    0.00    0.85     -  asterisk
Average:        0      5232    0.25    0.25    0.00    2.94    0.50     -  systemd-udevd
Average:        0      5325    0.10    0.05    0.00    0.00    0.15     -  containerd-shim
Average:        0      5352    1.30    0.85    0.00    0.00    2.14     -  oai_udr
Average:        0      5397    0.05    0.10    0.00    0.00    0.15     -  containerd-shim
Average:        0      5430    0.85    1.25    0.00    0.00    2.09     -  oai_udm
Average:        0      5507    0.05    0.05    0.00    0.00    0.10     -  containerd-shim
Average:        0      5538    0.30    1.80    0.00    0.00    2.09     -  oai_ausf
Average:        0      5597    0.05    0.10    0.00    0.00    0.15     -  containerd-shim
Average:        0      5628    0.05    0.00    0.00    0.00    0.05     -  oai_amf
Average:        0      5670    0.10    0.10    0.00    0.00    0.20     -  containerd-shim
Average:        0      5776    2.00    2.89    0.00    0.00    4.89     -  containerd-shim
Average:        0      5805    4.84   10.27    0.00    0.00   15.11     -  oai_upf
Average:     1001      5868    0.05    0.05    0.00    0.30    0.10     -  watch
Average:        0     56448    0.00    0.05    0.00    0.35    0.05     -  kworker/u16:0-events_unbound
Average:        0     64414    0.10    0.10    0.00    0.10    0.20     -  containerd-shim
Average:        0     64463  298.75   84.39    0.00    0.00  383.14     -  nr-softmodem
Average:        0     65407    0.00    0.10    0.00    0.70    0.10     -  kworker/u17:2-hci0
Average:        0     79463    0.00    0.25    0.00    0.95    0.25     -  kworker/1:1-events
Average:        0    110905    0.00    0.10    0.00    0.45    0.10     -  kworker/0:0-events
Average:        0    125911    0.00    0.05    0.00    0.85    0.05     -  kworker/6:0-events
Average:        0    131910    0.00    0.10    0.00    0.60    0.10     -  kworker/7:1-events
Average:        0    134635    0.00    0.10    0.00    1.00    0.10     -  kworker/2:0-i915-unordered
Average:        0    135767    0.00    0.15    0.00    0.70    0.15     -  kworker/5:1-events
Average:        0    153546    0.00    0.05    0.00    0.25    0.05     -  kworker/u16:2-kec
Average:        0    153774    0.00    0.05    0.00    0.10    0.05     -  kworker/3:0-events
Average:        0    176791    0.05    0.10    0.00    0.00    0.15     -  containerd-shim
Average:        0    176842  115.96   71.82    0.00    0.00  187.78     -  nr-uesoftmodem
Average:        0    178718    0.65    2.84    0.00   34.51    3.49     -  iperf3
Average:        0    183477    0.05    0.05    0.00    0.20    0.10     -  fwupd
Average:     1001    185328    1.60    2.99    0.00   15.66    4.59     -  top
Average:     1001    185329    1.85    3.19    0.00   19.20    5.04     -  pidstat
Average:     1001    185558    0.05    0.05    0.00    0.00    0.10     -  docker
Average:        0    185580    6.38    8.88    0.00   39.15   15.26     -  iperf3
Average:        0    186419    0.05    0.05    0.00    0.35    0.10     -  runc
