Linux 6.8.0-138-generic (europa) 	03/10/2026 	_x86_64_	(8 CPU)

01:39:51     CPU    %usr   %nice    %sys %iowait    %irq   %soft  %steal  %guest  %gnice   %idle
01:39:52     all   34.91    0.00   15.35    0.00    0.00    1.92    0.00    0.00    0.00   47.83
01:39:52       0   30.61    0.00   20.41    0.00    0.00    2.04    0.00    0.00    0.00   46.94
01:39:52       1   30.30    0.00   15.15    0.00    0.00    2.02    0.00    0.00    0.00   52.53
01:39:52       2   33.33    0.00   17.71    0.00    0.00    2.08    0.00    0.00    0.00   46.88
01:39:52       3   34.69    0.00   11.22    0.00    0.00    2.04    0.00    0.00    0.00   52.04
01:39:52       4   40.82    0.00   20.41    0.00    0.00    2.04    0.00    0.00    0.00   36.73
01:39:52       5   28.12    0.00   11.46    0.00    0.00    1.04    0.00    0.00    0.00   59.38
01:39:52       6   37.76    0.00   12.24    0.00    0.00    2.04    0.00    0.00    0.00   47.96
01:39:52       7   43.43    0.00   14.14    0.00    0.00    2.02    0.00    0.00    0.00   40.40

01:39:52     CPU    %usr   %nice    %sys %iowait    %irq   %soft  %steal  %guest  %gnice   %idle
01:39:53     all   33.50    0.00   16.94    0.00    0.00    1.93    0.00    0.00    0.00   47.63
01:39:53       0   30.61    0.00   15.31    0.00    0.00    2.04    0.00    0.00    0.00   52.04
01:39:53       1   27.17    0.00   19.57    0.00    0.00    2.17    0.00    0.00    0.00   51.09
01:39:53       2   44.44    0.00   15.15    0.00    0.00    1.01    0.00    0.00    0.00   39.39
01:39:53       3   33.00    0.00   14.00    0.00    0.00    2.00    0.00    0.00    0.00   51.00
01:39:53       4   24.74    0.00   22.68    0.00    0.00    2.06    0.00    0.00    0.00   50.52
01:39:53       5   36.63    0.00   16.83    0.00    0.00    1.98    0.00    0.00    0.00   44.55
01:39:53       6   43.88    0.00   15.31    0.00    0.00    2.04    0.00    0.00    0.00   38.78
01:39:53       7   26.60    0.00   17.02    0.00    0.00    2.13    0.00    0.00    0.00   54.26

01:39:53     CPU    %usr   %nice    %sys %iowait    %irq   %soft  %steal  %guest  %gnice   %idle
01:39:54     all   33.25    0.00   15.61    0.13    0.00    2.16    0.00    0.00    0.00   48.86
01:39:54       0   44.90    0.00   13.27    0.00    0.00    3.06    0.00    0.00    0.00   38.78
01:39:54       1   25.49    0.00   20.59    0.98    0.00    2.94    0.00    0.00    0.00   50.00
01:39:54       2   33.33    0.00   10.10    0.00    0.00    3.03    0.00    0.00    0.00   53.54
01:39:54       3   32.32    0.00   13.13    0.00    0.00    1.01    0.00    0.00    0.00   53.54
01:39:54       4   39.39    0.00   10.10    0.00    0.00    3.03    0.00    0.00    0.00   47.47
01:39:54       5   30.30    0.00   32.32    0.00    0.00    1.01    0.00    0.00    0.00   36.36
01:39:54       6   26.04    0.00   12.50    0.00    0.00    2.08    0.00    0.00    0.00   59.38
01:39:54       7   34.38    0.00   12.50    0.00    0.00    1.04    0.00    0.00    0.00   52.08

01:39:54     CPU    %usr   %nice    %sys %iowait    %irq   %soft  %steal  %guest  %gnice   %idle
01:39:55     all   17.78    0.00    6.06    0.13    0.00    1.42    0.00    0.00    0.00   74.61
01:39:55       0   12.24    0.00    6.12    0.00    0.00    1.02    0.00    0.00    0.00   80.61
01:39:55       1    6.19    0.00    7.22    0.00    0.00    0.00    0.00    0.00    0.00   86.60
01:39:55       2   28.12    0.00    6.25    0.00    0.00    1.04    0.00    0.00    0.00   64.58
01:39:55       3   37.11    0.00    6.19    0.00    0.00    1.03    0.00    0.00    0.00   55.67
01:39:55       4   20.41    0.00    4.08    0.00    0.00    1.02    0.00    0.00    0.00   74.49
01:39:55       5    5.15    0.00   10.31    0.00    0.00    3.09    0.00    0.00    0.00   81.44
01:39:55       6   21.65    0.00    5.15    0.00    0.00    2.06    0.00    0.00    0.00   71.13
01:39:55       7   11.46    0.00    3.12    1.04    0.00    2.08    0.00    0.00    0.00   82.29

01:39:55     CPU    %usr   %nice    %sys %iowait    %irq   %soft  %steal  %guest  %gnice   %idle
01:39:56     all   18.71    0.00    5.81    0.00    0.00    1.94    0.00    0.00    0.00   73.55
01:39:56       0    7.29    0.00    4.17    0.00    0.00    1.04    0.00    0.00    0.00   87.50
01:39:56       1    6.12    0.00    5.10    0.00    0.00    2.04    0.00    0.00    0.00   86.73
01:39:56       2   85.71    0.00    8.16    0.00    0.00    2.04    0.00    0.00    0.00    4.08
01:39:56       3    8.42    0.00    4.21    0.00    0.00    2.11    0.00    0.00    0.00   85.26
01:39:56       4    6.25    0.00    4.17    0.00    0.00    1.04    0.00    0.00    0.00   88.54
01:39:56       5    6.06    0.00   10.10    0.00    0.00    4.04    0.00    0.00    0.00   79.80
01:39:56       6   20.83    0.00    5.21    0.00    0.00    2.08    0.00    0.00    0.00   71.88
01:39:56       7    8.25    0.00    5.15    0.00    0.00    1.03    0.00    0.00    0.00   85.57

01:39:56     CPU    %usr   %nice    %sys %iowait    %irq   %soft  %steal  %guest  %gnice   %idle
01:39:57     all   22.75    0.00    5.91    0.00    0.00    1.80    0.00    0.00    0.00   69.54
01:39:57       0   15.62    0.00    4.17    0.00    0.00    2.08    0.00    0.00    0.00   78.12
01:39:57       1   19.79    0.00    4.17    0.00    0.00    1.04    0.00    0.00    0.00   75.00
01:39:57       2   63.00    0.00    9.00    0.00    0.00    2.00    0.00    0.00    0.00   26.00
01:39:57       3   10.20    0.00    4.08    0.00    0.00    1.02    0.00    0.00    0.00   84.69
01:39:57       4   25.51    0.00    4.08    0.00    0.00    1.02    0.00    0.00    0.00   69.39
01:39:57       5    7.22    0.00   10.31    0.00    0.00    4.12    0.00    0.00    0.00   78.35
01:39:57       6   25.77    0.00    6.19    0.00    0.00    1.03    0.00    0.00    0.00   67.01
01:39:57       7   13.54    0.00    5.21    0.00    0.00    2.08    0.00    0.00    0.00   79.17

01:39:57     CPU    %usr   %nice    %sys %iowait    %irq   %soft  %steal  %guest  %gnice   %idle
01:39:58     all   26.50    0.00    7.94    0.13    0.00    1.79    0.00    0.00    0.00   63.64
01:39:58       0   42.42    0.00    6.06    0.00    0.00    1.01    0.00    0.00    0.00   50.51
01:39:58       1    7.29    0.00    8.33    1.04    0.00    1.04    0.00    0.00    0.00   82.29
01:39:58       2   22.68    0.00   10.31    0.00    0.00    1.03    0.00    0.00    0.00   65.98
01:39:58       3   14.58    0.00    5.21    0.00    0.00    1.04    0.00    0.00    0.00   79.17
01:39:58       4   59.00    0.00    8.00    0.00    0.00    3.00    0.00    0.00    0.00   30.00
01:39:58       5    6.25    0.00    9.38    0.00    0.00    2.08    0.00    0.00    0.00   82.29
01:39:58       6   42.86    0.00    6.12    0.00    0.00    3.06    0.00    0.00    0.00   47.96
01:39:58       7   15.15    0.00   10.10    0.00    0.00    2.02    0.00    0.00    0.00   72.73

01:39:58     CPU    %usr   %nice    %sys %iowait    %irq   %soft  %steal  %guest  %gnice   %idle
01:39:59     all   21.71    0.00    6.98    0.13    0.00    1.29    0.00    0.00    0.00   69.90
01:39:59       0   25.77    0.00    5.15    0.00    0.00    1.03    0.00    0.00    0.00   68.04
01:39:59       1   11.46    0.00    5.21    0.00    0.00    0.00    0.00    0.00    0.00   83.33
01:39:59       2   16.49    0.00    7.22    0.00    0.00    1.03    0.00    0.00    0.00   75.26
01:39:59       3   12.37    0.00    7.22    1.03    0.00    1.03    0.00    0.00    0.00   78.35
01:39:59       4   69.70    0.00    8.08    0.00    0.00    2.02    0.00    0.00    0.00   20.20
01:39:59       5   10.31    0.00    8.25    0.00    0.00    1.03    0.00    0.00    0.00   80.41
01:39:59       6   15.46    0.00    6.19    0.00    0.00    2.06    0.00    0.00    0.00   76.29
01:39:59       7   10.64    0.00    8.51    0.00    0.00    2.13    0.00    0.00    0.00   78.72

01:39:59     CPU    %usr   %nice    %sys %iowait    %irq   %soft  %steal  %guest  %gnice   %idle
01:40:00     all   23.49    0.00    8.47    0.39    0.00    1.93    0.00    0.00    0.00   65.73
01:40:00       0   16.33    0.00    9.18    0.00    0.00    2.04    0.00    0.00    0.00   72.45
01:40:00       1   17.53    0.00    6.19    0.00    0.00    1.03    0.00    0.00    0.00   75.26
01:40:00       2   35.71    0.00    8.16    0.00    0.00    2.04    0.00    0.00    0.00   54.08
01:40:00       3   10.42    0.00   13.54    0.00    0.00    4.17    0.00    0.00    0.00   71.88
01:40:00       4   28.00    0.00   11.00    1.00    0.00    2.00    0.00    0.00    0.00   58.00
01:40:00       5   15.62    0.00    6.25    1.04    0.00    2.08    0.00    0.00    0.00   75.00
01:40:00       6   49.49    0.00    7.07    0.00    0.00    1.01    0.00    0.00    0.00   42.42
01:40:00       7   13.68    0.00    6.32    1.05    0.00    1.05    0.00    0.00    0.00   77.89

01:40:00     CPU    %usr   %nice    %sys %iowait    %irq   %soft  %steal  %guest  %gnice   %idle
01:40:01     all   21.44    0.00    7.45    0.00    0.00    2.05    0.00    0.00    0.00   69.06
01:40:01       0   11.46    0.00    7.29    0.00    0.00    2.08    0.00    0.00    0.00   79.17
01:40:01       1   11.22    0.00    8.16    0.00    0.00    2.04    0.00    0.00    0.00   78.57
01:40:01       2   16.49    0.00    5.15    0.00    0.00    2.06    0.00    0.00    0.00   76.29
01:40:01       3   14.43    0.00    6.19    0.00    0.00    1.03    0.00    0.00    0.00   78.35
01:40:01       4   15.31    0.00    6.12    0.00    0.00    1.02    0.00    0.00    0.00   77.55
01:40:01       5   11.34    0.00    8.25    0.00    0.00    2.06    0.00    0.00    0.00   78.35
01:40:01       6   81.00    0.00    8.00    0.00    0.00    2.00    0.00    0.00    0.00    9.00
01:40:01       7    8.33    0.00   10.42    0.00    0.00    4.17    0.00    0.00    0.00   77.08

01:40:01     CPU    %usr   %nice    %sys %iowait    %irq   %soft  %steal  %guest  %gnice   %idle
01:40:02     all   19.36    0.00    6.41    0.00    0.00    1.41    0.00    0.00    0.00   72.82
01:40:02       0   13.40    0.00    5.15    0.00    0.00    1.03    0.00    0.00    0.00   80.41
01:40:02       1    7.14    0.00    5.10    0.00    0.00    1.02    0.00    0.00    0.00   86.73
01:40:02       2   25.51    0.00    6.12    0.00    0.00    1.02    0.00    0.00    0.00   67.35
01:40:02       3    9.18    0.00    6.12    0.00    0.00    1.02    0.00    0.00    0.00   83.67
01:40:02       4   13.27    0.00    6.12    0.00    0.00    2.04    0.00    0.00    0.00   78.57
01:40:02       5   13.54    0.00    4.17    0.00    0.00    1.04    0.00    0.00    0.00   81.25
01:40:02       6   66.00    0.00    7.00    0.00    0.00    1.00    0.00    0.00    0.00   26.00
01:40:02       7    5.26    0.00   11.58    0.00    0.00    3.16    0.00    0.00    0.00   80.00

01:40:02     CPU    %usr   %nice    %sys %iowait    %irq   %soft  %steal  %guest  %gnice   %idle
01:40:03     all   18.22    0.00    6.50    0.25    0.00    1.78    0.00    0.00    0.00   73.25
01:40:03       0    5.15    0.00    6.19    0.00    0.00    1.03    0.00    0.00    0.00   87.63
01:40:03       1   38.38    0.00    6.06    2.02    0.00    1.01    0.00    0.00    0.00   52.53
01:40:03       2   27.27    0.00    7.07    0.00    0.00    3.03    0.00    0.00    0.00   62.63
01:40:03       3    6.25    0.00    8.33    0.00    0.00    2.08    0.00    0.00    0.00   83.33
01:40:03       4   13.27    0.00    5.10    0.00    0.00    1.02    0.00    0.00    0.00   80.61
01:40:03       5   13.13    0.00    5.05    0.00    0.00    1.01    0.00    0.00    0.00   80.81
01:40:03       6   35.05    0.00    6.19    0.00    0.00    2.06    0.00    0.00    0.00   56.70
01:40:03       7    7.00    0.00    8.00    0.00    0.00    3.00    0.00    0.00    0.00   82.00

01:40:03     CPU    %usr   %nice    %sys %iowait    %irq   %soft  %steal  %guest  %gnice   %idle
01:40:04     all   29.62    0.00    8.80    0.00    0.00    1.68    0.00    0.00    0.00   59.90
01:40:04       0   21.65    0.00   11.34    0.00    0.00    1.03    0.00    0.00    0.00   65.98
01:40:04       1   30.93    0.00    8.25    0.00    0.00    2.06    0.00    0.00    0.00   58.76
01:40:04       2   17.89    0.00    7.37    0.00    0.00    1.05    0.00    0.00    0.00   73.68
01:40:04       3   40.40    0.00    7.07    0.00    0.00    2.02    0.00    0.00    0.00   50.51
01:40:04       4   27.08    0.00   12.50    0.00    0.00    3.12    0.00    0.00    0.00   57.29
01:40:04       5   28.57    0.00    7.14    0.00    0.00    1.02    0.00    0.00    0.00   63.27
01:40:04       6   17.02    0.00    7.45    0.00    0.00    1.06    0.00    0.00    0.00   74.47
01:40:04       7   52.58    0.00    9.28    0.00    0.00    2.06    0.00    0.00    0.00   36.08

01:40:04     CPU    %usr   %nice    %sys %iowait    %irq   %soft  %steal  %guest  %gnice   %idle
01:40:05     all   48.71    0.00    8.01    0.26    0.00    1.81    0.00    0.00    0.00   41.21
01:40:05       0   53.06    0.00    7.14    0.00    0.00    2.04    0.00    0.00    0.00   37.76
01:40:05       1   43.30    0.00    9.28    0.00    0.00    1.03    0.00    0.00    0.00   46.39
01:40:05       2   43.30    0.00    6.19    1.03    0.00    2.06    0.00    0.00    0.00   47.42
01:40:05       3   48.45    0.00    7.22    0.00    0.00    2.06    0.00    0.00    0.00   42.27
01:40:05       4   49.48    0.00    8.25    0.00    0.00    2.06    0.00    0.00    0.00   40.21
01:40:05       5   72.92    0.00    7.29    0.00    0.00    2.08    0.00    0.00    0.00   17.71
01:40:05       6   43.30    0.00    8.25    0.00    0.00    1.03    0.00    0.00    0.00   47.42
01:40:05       7   35.79    0.00   10.53    1.05    0.00    2.11    0.00    0.00    0.00   50.53

01:40:05     CPU    %usr   %nice    %sys %iowait    %irq   %soft  %steal  %guest  %gnice   %idle
01:40:06     all   39.03    0.00   10.05    0.00    0.00    3.52    0.00    0.00    0.00   47.39
01:40:06       0   34.04    0.00   10.64    0.00    0.00    2.13    0.00    0.00    0.00   53.19
01:40:06       1   48.94    0.00    9.57    0.00    0.00    1.06    0.00    0.00    0.00   40.43
01:40:06       2   47.92    0.00   11.46    0.00    0.00    1.04    0.00    0.00    0.00   39.58
01:40:06       3   30.21    0.00   11.46    0.00    0.00    2.08    0.00    0.00    0.00   56.25
01:40:06       4   39.58    0.00   10.42    0.00    0.00    2.08    0.00    0.00    0.00   47.92
01:40:06       5   33.68    0.00   12.63    0.00    0.00    2.11    0.00    0.00    0.00   51.58
01:40:06       6   38.00    0.00    6.00    0.00    0.00   14.00    0.00    0.00    0.00   42.00
01:40:06       7   40.00    0.00    8.42    0.00    0.00    3.16    0.00    0.00    0.00   48.42

01:40:06     CPU    %usr   %nice    %sys %iowait    %irq   %soft  %steal  %guest  %gnice   %idle
01:40:07     all   41.60    0.00    9.69    0.00    0.00    2.20    0.00    0.00    0.00   46.51
01:40:07       0   36.84    0.00   11.58    0.00    0.00    1.05    0.00    0.00    0.00   50.53
01:40:07       1   43.75    0.00    8.33    0.00    0.00    1.04    0.00    0.00    0.00   46.88
01:40:07       2   42.86    0.00   10.20    0.00    0.00    2.04    0.00    0.00    0.00   44.90
01:40:07       3   40.62    0.00    9.38    0.00    0.00    2.08    0.00    0.00    0.00   47.92
01:40:07       4   42.27    0.00   10.31    0.00    0.00    2.06    0.00    0.00    0.00   45.36
01:40:07       5   47.42    0.00    8.25    0.00    0.00    1.03    0.00    0.00    0.00   43.30
01:40:07       6   44.00    0.00   10.00    0.00    0.00    7.00    0.00    0.00    0.00   39.00
01:40:07       7   34.74    0.00    9.47    0.00    0.00    1.05    0.00    0.00    0.00   54.74

01:40:07     CPU    %usr   %nice    %sys %iowait    %irq   %soft  %steal  %guest  %gnice   %idle
01:40:08     all   42.75    0.00   10.49    0.13    0.00    2.33    0.00    0.00    0.00   44.30
01:40:08       0   30.53    0.00    9.47    0.00    0.00    2.11    0.00    0.00    0.00   57.89
01:40:08       1   35.05    0.00   10.31    1.03    0.00    2.06    0.00    0.00    0.00   51.55
01:40:08       2   54.64    0.00   11.34    0.00    0.00    2.06    0.00    0.00    0.00   31.96
01:40:08       3   51.02    0.00   10.20    0.00    0.00    3.06    0.00    0.00    0.00   35.71
01:40:08       4   46.39    0.00   11.34    0.00    0.00    3.09    0.00    0.00    0.00   39.18
01:40:08       5   32.98    0.00   10.64    0.00    0.00    2.13    0.00    0.00    0.00   54.26
01:40:08       6   47.96    0.00   10.20    0.00    0.00    2.04    0.00    0.00    0.00   39.80
01:40:08       7   42.71    0.00   10.42    0.00    0.00    2.08    0.00    0.00    0.00   44.79

01:40:08     CPU    %usr   %nice    %sys %iowait    %irq   %soft  %steal  %guest  %gnice   %idle
01:40:09     all   44.60    0.00   11.70    0.00    0.00    2.21    0.00    0.00    0.00   41.48
01:40:09       0   34.74    0.00   12.63    0.00    0.00    2.11    0.00    0.00    0.00   50.53
01:40:09       1   42.11    0.00   11.58    0.00    0.00    2.11    0.00    0.00    0.00   44.21
01:40:09       2   57.73    0.00    9.28    0.00    0.00    2.06    0.00    0.00    0.00   30.93
01:40:09       3   44.90    0.00   13.27    0.00    0.00    2.04    0.00    0.00    0.00   39.80
01:40:09       4   45.36    0.00   12.37    0.00    0.00    2.06    0.00    0.00    0.00   40.21
01:40:09       5   42.71    0.00   12.50    0.00    0.00    2.08    0.00    0.00    0.00   42.71
01:40:09       6   47.42    0.00   12.37    0.00    0.00    3.09    0.00    0.00    0.00   37.11
01:40:09       7   41.49    0.00    9.57    0.00    0.00    2.13    0.00    0.00    0.00   46.81

01:40:09     CPU    %usr   %nice    %sys %iowait    %irq   %soft  %steal  %guest  %gnice   %idle
01:40:10     all   44.77    0.00   12.24    0.00    0.00    2.04    0.00    0.00    0.00   40.94
01:40:10       0   33.33    0.00   13.13    0.00    0.00    3.03    0.00    0.00    0.00   50.51
01:40:10       1   55.56    0.00   11.11    0.00    0.00    2.02    0.00    0.00    0.00   31.31
01:40:10       2   37.11    0.00   13.40    0.00    0.00    2.06    0.00    0.00    0.00   47.42
01:40:10       3   44.79    0.00   12.50    0.00    0.00    3.12    0.00    0.00    0.00   39.58
01:40:10       4   40.21    0.00   12.37    0.00    0.00    2.06    0.00    0.00    0.00   45.36
01:40:10       5   52.48    0.00   10.89    0.00    0.00    0.99    0.00    0.00    0.00   35.64
01:40:10       6   51.00    0.00   13.00    0.00    0.00    2.00    0.00    0.00    0.00   34.00
01:40:10       7   43.16    0.00   11.58    0.00    0.00    1.05    0.00    0.00    0.00   44.21

01:40:10     CPU    %usr   %nice    %sys %iowait    %irq   %soft  %steal  %guest  %gnice   %idle
01:40:11     all   45.27    0.00   11.80    0.00    0.00    2.46    0.00    0.00    0.00   40.47
01:40:11       0   34.38    0.00   12.50    0.00    0.00    2.08    0.00    0.00    0.00   51.04
01:40:11       1   42.55    0.00   10.64    0.00    0.00    2.13    0.00    0.00    0.00   44.68
01:40:11       2   42.71    0.00   13.54    0.00    0.00    2.08    0.00    0.00    0.00   41.67
01:40:11       3   47.42    0.00   11.34    0.00    0.00    1.03    0.00    0.00    0.00   40.21
01:40:11       4   58.59    0.00   12.12    0.00    0.00    3.03    0.00    0.00    0.00   26.26
01:40:11       5   37.23    0.00   11.70    0.00    0.00    3.19    0.00    0.00    0.00   47.87
01:40:11       6   44.33    0.00   14.43    0.00    0.00    3.09    0.00    0.00    0.00   38.14
01:40:11       7   54.08    0.00    8.16    0.00    0.00    3.06    0.00    0.00    0.00   34.69

Average:     CPU    %usr   %nice    %sys %iowait    %irq   %soft  %steal  %guest  %gnice   %idle
Average:     all   31.37    0.00    9.61    0.08    0.00    1.98    0.00    0.00    0.00   56.95
Average:       0   26.74    0.00    9.55    0.00    0.00    1.76    0.00    0.00    0.00   61.95
Average:       1   27.47    0.00    9.50    0.26    0.00    1.50    0.00    0.00    0.00   61.28
Average:       2   38.88    0.00    9.66    0.05    0.00    1.80    0.00    0.00    0.00   49.61
Average:       3   28.60    0.00    9.10    0.05    0.00    1.85    0.00    0.00    0.00   60.39
Average:       4   35.29    0.00    9.97    0.05    0.00    2.05    0.00    0.00    0.00   52.63
Average:       5   26.58    0.00   10.72    0.05    0.00    1.96    0.00    0.00    0.00   60.69
Average:       6   40.13    0.00    8.95    0.00    0.00    2.81    0.00    0.00    0.00   48.11
Average:       7   27.11    0.00    9.47    0.16    0.00    2.13    0.00    0.00    0.00   61.13
